www.cnn.com	0.5	2.04999995232	1.53500008583	6.16400003433	0.288000106812	0.215000152588	0.391000032425	7.11805275009	7.13953021593	15.7647046628
m.youtube.com	1.5	3.78099989891	2.28900003433	6.45000004768	1.81599998474	1.44600009918	2.54500007629	2.08204841998	1.58298746703	2.53438108225
www.google.com	2.5	3.79699993134	1.9240000248	6.6099998951	1.76499986649	1.5490000248	2.03400015831	2.15127491137	1.24209166817	3.24975387445
instagram.com	3.5	2.06700015068	1.40100002289	4.52900004387	0.22000002861	0.161000013351	0.292000055313	9.39545400852	8.70186277457	15.5102711848
www.amazon.com	4.5	2.48500013351	2.04700016975	5.00600004196	2.35000014305	1.89499998093	4.08099985123	1.05744680096	1.08021118225	1.22666018732
www.yahoo.com	5.5	4.53999996185	2.07399988174	8.88100004196	2.75	0.640000104904	3.53999996185	1.65090907704	3.24062428405	2.50875710103
m.espn.go.com	6.5	1.63899993896	0.480000019073	3.91100001335	0.537000179291	0.457999944687	1.61999988556	3.05214039431	1.04803510272	2.41419770965
m.kayak.com	7.5	2.26999998093	0.72000002861	5.132999897	0.543999910355	0.480000019073	0.727999925613	4.17279477022	1.5	7.05082475479
www.djaverages.com	8.5	2.6289999485	1.10899996758	5.29099988937	1.25999999046	1.11500000954	3.30599999428	2.08650791143	0.994618796493	1.60042344178
m.accuweather.com	9.5	1.61500000954	0.311000108719	4.02099990845	0.365999937057	0.269000053406	0.898000001907	4.41256909092	1.15613400362	4.47772817362
