FACH	0.867000102997	23.0000019073	1.76923091595	140.692472458	0.0	0	-93.0	-2.5	0	0	00:03:31.579000	00:03:32.378000	00:03:32.401000	
FACH	0.868000030518	9.99999046326	1.66666507721	153.000076612	0.0	0	-89.0	-4.0	0	0	00:03:45.938000	00:03:46.748000	00:03:46.758000	
FACH	0.837000131607	12.0000839233	1.71429770333	156.571456364	0.0	0	-90.0	-4.5	0	0	00:05:14.599000	00:05:15.378000	00:05:15.390000	
FACH	0.911000013351	14.9998664856	1.66665183173	162.444379595	0.0	0	-92.0	-4.5	0	0	00:05:46.268000	00:05:47.118000	00:05:47.133000	
FACH	0.927999973297	23.0000019073	1.76923091595	20.8460551042	0.0	0	-90.0	-3.5	0	0	00:06:02.058000	00:06:02.888000	00:06:02.911000	
FACH	0.969999790192	11.9998455048	1.4999806881	149.124950171	0.736842105263	14	-91.0	-5.0	0	0	00:06:31.229000	00:06:32.058000	00:06:32.070000	
FACH	0.875999927521	16.9999599457	1.69999599457	155.799937248	0.0	0	-89.0	-3.5	0	0	00:08:16.469000	00:08:17.288000	00:08:17.305000	
FACH	5.52999997139	173.000097275	10.1764763103	171.999931335	1.0	17	-92.0	-2.5	0	0	00:08:46.878000	00:08:47.763000	00:08:47.936000	
FACH	0.967000007629	44.9998378754	2.64704928679	17.9998874664	0.0	0	-93.0	-5.0	0	0	00:12:44.229000	00:12:45.104000	00:12:45.149000	
FACH	0.960999965668	19.9999809265	1.81818008423	191.090952266	0.0	0	-94.0	-5.5	0	0	00:14:32.058000	00:14:32.958000	00:14:32.978000	
FACH	1.09099984169	70.0001716614	3.04348572441	20.5653543058	0.0	0	-90.0	-3.5	0	0	00:14:47.489000	00:14:48.468000	00:14:48.538000	
FACH	0.848999977112	12.0000839233	1.71429770333	174.142871584	0.0	0	-90.0	-4.0	0	0	00:15:13.840000	00:15:14.638000	00:15:14.650000	
FACH	0.948000192642	9.99999046326	1.66666507721	162.833333015	0.0	0	-90.0	-2.5	0	0	00:16:17.771000	00:16:18.668000	00:16:18.678000	
FACH	0.879999876022	12.0000839233	1.71429770333	200.999975204	0.0526315789474	1	-89.0	-3.0	0	0	00:17:44.650000	00:17:45.478000	00:17:45.490000	
FACH	0.898000001907	19.0000534058	1.90000534058	3.70013713837	0.0	0	-89.0	-4.0	0	0	00:19:32.778000	00:19:33.611000	00:19:33.630000	
FACH	0.878999948502	12.0000839233	1.71429770333	166.285685131	0.0	0	-92.0	-4.0	0	0	00:20:15.579000	00:20:16.398000	00:20:16.410000	
FACH	1.26900005341	549.999952316	68.7499940395	189.749985933	0.0	0	-90.0	-3.0	0	0	00:21:48.599000	00:21:48.684000	00:21:49.234000	
FACH	0.871999979019	16.9999599457	1.69999599457	163.400006294	0.0	0	-91.0	-4.0	0	0	00:22:18.128000	00:22:18.938000	00:22:18.955000	
FACH	0.849999904633	4.00018692017	1.33339564006	21.3333765666	0.0	0	-90.0	-4.0	0	0	00:22:46.520000	00:22:47.324000	00:22:47.328000	
FACH	0.885999917984	579.999923706	72.4999904633	195.250034332	0.0	0	-92.0	-4.0	0	8	00:24:19.019000	00:24:19.104000	00:24:19.684000	
FACH	0.94000005722	36.9999408722	2.31249630451	20.1249718666	0.0	0	-88.0	-3.5	0	0	00:25:16.200000	00:25:17.061000	00:25:17.098000	
FACH	11.7999999523	65.0000572205	2.50000220079	21.0001468658	0.0	0	-90.0	-2.5	0	0	00:25:29.775000	00:25:30.340000	00:25:30.405000	
FACH	2.02900004387	511.000156403	85.1666927338	32.4999094009	0.0	0	-90.0	-2.5	0	0	00:26:59.909000	00:27:00.754000	00:27:01.265000	
FACH	0.879999876022	11.9998455048	1.4999806881	191.00022316	0.0416666666667	1	-88.0	-5.0	0	0	00:27:19.108000	00:27:19.933000	00:27:19.945000	
FACH	0.921000003815	11.9998455048	1.71426364354	190.999984741	0.0526315789474	1	-87.0	-4.5	0	0	00:27:46.969000	00:27:47.828000	00:27:47.840000	
FACH	0.809000015259	12.0000839233	1.71429770333	176.285675594	0.0	0	-85.0	-2.5	0	0	00:28:49.639000	00:28:50.388000	00:28:50.400000	
FACH	0.914000034332	16.0000324249	1.77778138055	161.999993854	0.0	0	-94.0	-3.0	0	0	00:29:49.840000	00:29:50.688000	00:29:50.704000	
FACH	0.891000032425	11.9998455048	1.71426364354	156.142711639	0.0	0	-89.0	-3.5	0	0	00:30:17.760000	00:30:18.588000	00:30:18.600000	
FACH	1.63100004196	400.000095367	66.6666825612	40.9999291102	0.0	0	-89.0	-4.0	0	0	00:32:00.649000	00:32:01.234000	00:32:01.634000	
FACH	0.967000007629	43.9999103546	2.74999439716	26.0000228882	0.0	0	-88.0	-2.0	0	0	00:32:47.563000	00:32:48.440000	00:32:48.484000	
FACH	1.40799999237	310.9998703	51.8333117167	54.1667938232	0.0	0	-90.0	-4.0	0	0	00:34:29.140000	00:34:29.604000	00:34:29.915000	
FACH	0.911999940872	12.0000839233	2.00001398722	154.666662216	0.0	0	-90.0	-3.0	0	0	00:35:04.779000	00:35:05.638000	00:35:05.650000	
FACH	1.05499982834	62.0000362396	3.87500226498	18.000125885	0.0	0	-90.0	-3.5	0	0	00:35:17.650000	00:35:18.593000	00:35:18.655000	
FACH	0.9390001297	16.9999599457	1.69999599457	181.299972534	0.0	0	-89.0	-3.0	0	0	00:35:50.369000	00:35:51.249000	00:35:51.266000	
FACH	1.63899993896	419.999837875	69.9999729792	47.6667881012	0.0	0	-90.0	-3.5	0	0	00:37:00.799000	00:37:01.374000	00:37:01.794000	
FACH	0.965000152588	40.9998893738	2.41175819846	22.0000743866	0.0	0	-91.0	-4.5	0	0	00:37:48.370000	00:37:49.249000	00:37:49.290000	
FACH	1.03100013733	16.0000324249	1.77778138055	161.555528641	0.0	0	-91.0	-4.5	0	0	00:38:20.770000	00:38:21.739000	00:38:21.755000	
FACH	0.855999946594	25.0000953674	2.08334128062	111.583371957	0.0	0	-90.0	-3.5	0	0	00:38:36.589000	00:38:37.370000	00:38:37.395000	
FACH	0.874000072479	10.999917984	1.57141685486	164.714336395	0.0	0	-88.0	-2.5	0	0	00:42:48.220000	00:42:49.030000	00:42:49.041000	
FACH	1.94800019264	460.999965668	76.8333276113	40.8334732056	0.0	0	-88.0	-4.5	0	0	00:44:31.370000	00:44:32.134000	00:44:32.595000	
FACH	0.950999975204	45.0000762939	2.81250476837	26.0000228882	0.0	0	-86.0	-3.0	0	0	00:45:18.980000	00:45:19.840000	00:45:19.885000	
FACH	1.82999992371	490.000009537	81.6666682561	40.8332745234	0.0	0	-87.0	-3.5	0	10	00:47:04.990000	00:47:05.675000	00:47:06.165000	
FACH	0.917999982834	12.0000839233	1.71429770333	4.14299964905	0.0	0	-88.0	-3.0	0	0	00:47:36.490000	00:47:37.353000	00:47:37.365000	
FACH	0.84500002861	10.999917984	1.57141685486	157.285724367	0.0	0	-88.0	-4.0	0	0	00:47:48.560000	00:47:49.349000	00:47:49.360000	
FACH	0.93799996376	4.99987602234	1.24996900558	27.499973774	0.0	0	-90.0	-3.0	0	0	00:49:33.470000	00:49:34.335000	00:49:34.340000	
FACH	1.02800011635	142.999887466	14.2999887466	26.9999504089	0.0	0	-90.0	-3.0	0	0	00:50:19.610000	00:50:20.453000	00:50:20.596000	
FACH	1.03399991989	4.99987602234	1.24996900558	45.9999442101	0.6	6	-90.0	-3.0	0	0	00:52:02.640000	00:52:03.505000	00:52:03.510000	
FACH	0.824000120163	10.999917984	1.57141685486	156.428643635	0.0	0	-89.0	-2.5	0	0	00:52:49.340000	00:52:50.109000	00:52:50.120000	
FACH	1.39899992943	659.999847412	82.4999809265	191.125035286	0.0	0	-90.0	-3.0	0	0	00:54:22.670000	00:54:22.765000	00:54:23.425000	
FACH	1.77300000191	458.999872208	76.4999787013	117.500066757	0.0	0	-89.0	-4.0	0	9	00:57:03.380000	00:57:04.026000	00:57:04.485000	
FACH	1.03799986839	65.9999847412	2.86956455397	24.7392239778	0.0	0	-85.0	-4.5	0	0	00:57:24.950000	00:57:25.873000	00:57:25.939000	
FACH	0.84500002861	12.0000839233	2.00001398722	77.5000651677	0.0	0	-89.0	-3.5	0	0	00:57:50.790000	00:57:51.583000	00:57:51.595000	
FACH	0.953999996185	16.9999599457	1.88888443841	160.444524553	0.0	0	-86.0	-4.5	0	0	00:58:24.464000	00:58:25.359000	00:58:25.376000	
FACH	1.58599996567	561.000108719	93.5000181198	209.833343824	0.0	0	-86.0	-3.0	0	9	00:59:34.410000	00:59:35.185000	00:59:35.746000	
FACH	0.989000082016	19.9999809265	1.81818008423	104.909138246	0.0	0	-84.0	-2.5	0	0	00:59:52.949000	00:59:53.869000	00:59:53.889000	
FACH	0.890000104904	16.0000324249	1.77778138055	179.666784075	0.0	0	-87.0	-2.0	0	0	01:02:23.580000	01:02:24.409000	01:02:24.425000	
FACH	0.818000078201	10.999917984	1.57141685486	164.000068392	0.0	0	-84.0	-3.0	0	0	01:02:51.590000	01:02:52.349000	01:02:52.360000	
FACH	1.36500000954	638.999938965	79.8749923706	192.249983549	0.0	0	-88.0	-3.5	0	8	01:04:24.614000	01:04:24.676000	01:04:25.315000	
FACH	0.840000152588	11.0001564026	1.57145091466	148.142848696	0.0	0	-87.0	-3.5	0	0	01:05:21.600000	01:05:22.379000	01:05:22.390000	
FACH	0.77999997139	20.9999084473	2.09999084473	189.999818802	0.0	0	-87.0	-3.5	0	0	01:05:54.000000	01:05:54.719000	01:05:54.740000	
FACH	0.922999858856	44.9998378754	2.64704928679	23.9999294281	0.0	0	-88.0	-3.5	0	0	01:07:50.470000	01:07:51.305000	01:07:51.350000	
DCH_TO_FACH	1.07899999619	89.9999141693	44.9999570847	50.0000715256	0.0	0	-87.0	-4.0	0	0	01:08:39.031000	01:08:39.575000	01:08:39.665000	
FACH	0.878999948502	14.9998664856	1.8749833107	147.750020027	0.736842105263	14	-95.0	-4.0	0	0	01:10:21.030000	01:10:21.769000	01:10:21.784000	
FACH	1.37999987602	641.000032425	80.1250040531	193.375170231	0.0	0	-91.0	-3.0	0	9	01:11:55.549000	01:11:55.645000	01:11:56.286000	
FACH	0.963000059128	13.9999389648	1.74999237061	174.124985933	0.736842105263	14	-91.0	-3.0	0	0	01:12:51.280000	01:12:52.089000	01:12:52.103000	
FACH	0.898999929428	9.99999046326	1.99999809265	154.600000381	0.0	0	-89.0	-2.5	0	0	01:13:55.250000	01:13:56.100000	01:13:56.110000	
FACH	1.36900019646	589.999914169	73.7499892712	180.249869823	0.0	0	-91.0	-3.5	0	8	01:14:25.291000	01:14:25.365000	01:14:25.955000	
FACH	1.0	14.9998664856	1.66665183173	22.2222010295	0.0	0	-92.0	-3.0	0	0	01:15:25.600000	01:15:26.535000	01:15:26.550000	
FACH	0.966000080109	50.0001907349	3.12501192093	35.6875211	0.0	0	-89.0	-4.0	0	0	01:17:53.370000	01:17:54.245000	01:17:54.295000	
FACH	1.20500016212	944.000005722	188.800001144	36.1999511719	0.0	0	-90.0	-2.5	1	5	01:18:34.120000	01:18:34.315000	01:18:35.259000	
FACH	0.899999856949	13.0000114441	1.85714449201	20.8571297782	0.0	0	-90.0	-3.0	0	0	01:18:34.460000	01:18:35.286000	01:18:35.299000	
FACH	0.865999937057	10.999917984	1.57141685486	157.857145582	0.0	0	-91.0	-3.0	0	0	01:20:23.430000	01:20:24.239000	01:20:24.250000	
FACH	1.20600008965	819.999933243	81.9999933243	98.2000827789	0.0	0	-89.0	-4.0	0	10	01:22:06.760000	01:22:06.925000	01:22:07.745000	
FACH	0.880000114441	14.0001773834	1.75002217293	150.249987841	0.0	0	-90.0	-2.5	0	0	01:22:26.280000	01:22:27.100000	01:22:27.114000	
FACH	0.884999990463	580.999851227	72.6249814034	182.625055313	0.0	0	-95.0	-3.5	0	10	01:24:27.941000	01:24:28.025000	01:24:28.606000	
FACH	1.4960000515	480.000019073	68.5714312962	119.571481432	0.0	0	-96.0	-5.5	0	0	01:24:37.770000	01:24:38.575000	01:24:39.055000	
FACH	0.989999771118	13.0000114441	1.62500143051	6.9999396801	0.25	4	-93.0	-5.0	0	0	01:25:23.880000	01:25:24.758000	01:25:24.771000	
FACH	9.73900008202	993.999958038	76.4615352337	22.9231210855	0.0	0	-92.0	-3.0	1	4	01:25:40.481000	01:25:40.486000	01:25:41.480000	
FACH	1.71899986267	450.999975204	75.1666625341	30.8334430059	0.0	0	-90.0	-4.0	0	0	01:27:08.160000	01:27:08.775000	01:27:09.226000	
FACH	0.899000167847	13.9999389648	1.74999237061	160.749852657	0.0	0	-89.0	-2.0	0	0	01:27:54.320000	01:27:55.160000	01:27:55.174000	
FACH	0.949000120163	50.0001907349	1.92308425903	24.9229394473	0.0	0	-98.0	-4.0	0	0	01:28:27.520000	01:28:28.370000	01:28:28.420000	
FACH	1.62599992752	409.999847412	68.333307902	46.000123024	0.0	0	-89.0	-2.5	0	0	01:29:37.990000	01:29:38.555000	01:29:38.965000	
FACH	0.870000123978	9.99999046326	1.66666507721	152.333299319	0.0	0	-90.0	-3.0	0	0	01:30:24.760000	01:30:25.571000	01:30:25.581000	
FACH	1.78999996185	229.000091553	57.2500228882	11.0001564026	0.25	1	-90.0	-3.0	0	0	01:32:06.440000	01:32:07.056000	01:32:07.285000	
FACH	1.10800004005	47.000169754	2.93751060963	28.0001163483	0.0	0	-88.0	-3.5	0	0	01:32:55.241000	01:32:56.258000	01:32:56.305000	
FACH	1.03299999237	29.9999713898	1.87499821186	19.3750411272	0.0	0	-93.0	-3.5	0	0	01:34:42.860000	01:34:43.798000	01:34:43.828000	
FACH	0.848999977112	10.999917984	1.57141685486	161.000013351	0.0526315789474	1	-90.0	-2.5	0	0	01:35:26.201000	01:35:26.990000	01:35:27.001000	
FACH	0.789999961853	17.0001983643	1.88891092936	161.111089918	0.0	0	-90.0	-3.0	0	0	01:35:59.790000	01:36:00.521000	01:36:00.538000	
FACH	1.93400001526	420.000076294	70.0000127157	49.3332544963	0.0	0	-88.0	-2.5	0	10	01:37:08.510000	01:37:09.195000	01:37:09.615000	
FACH	1.67999982834	409.999847412	68.333307902	32.1666797002	0.0	0	-90.0	-3.0	0	9	01:39:38.930000	01:39:39.548000	01:39:39.958000	
DCH_TO_FACH	0.512000083923	490.000009537	81.6666682561	101.000070572	0.0	0	-90.0	-5.5	0	4	01:39:53.836000	01:39:54.475000	01:39:54.965000	
FACH	0.9390001297	52.9999732971	3.11764548807	20.9999084473	0.0	0	-90.0	-2.0	0	0	01:40:25.030000	01:40:25.865000	01:40:25.918000	
FACH	1.02900004387	62.0000362396	3.64706095527	21.0001468658	0.0	0	-92.0	-3.5	0	0	01:42:56.840000	01:42:57.758000	01:42:57.820000	
FACH	0.819000005722	10.999917984	1.57141685486	10.5715819768	0.0	0	-90.0	-3.5	0	0	01:45:14.250000	01:45:15.010000	01:45:15.021000	
FACH	0.918999910355	10.999917984	1.57141685486	20.7142148699	0.0	0	-90.0	-3.5	0	0	01:45:26.601000	01:45:27.460000	01:45:27.471000	
FACH	0.817999839783	11.0001564026	1.57145091466	167.000055313	0.0	0	-86.0	-4.0	0	0	01:47:57.601000	01:47:58.360000	01:47:58.371000	
FACH	1.88900017738	450.000047684	64.2857210977	114.428520203	0.0	0	-95.0	-3.5	0	0	01:49:40.531000	01:49:41.195000	01:49:41.645000	
FACH	1.18400001526	489.999771118	61.2499713898	149.249911308	0.0	0	-99.0	-6.0	0	0	01:52:00.690000	01:52:00.755000	01:52:01.245000	
FACH	1.73000001907	476.999998093	59.6249997616	117.875128984	0.0	0	-97.0	-5.0	0	10	01:52:10.290000	01:52:10.928000	01:52:11.405000	
FACH	1.26999998093	540.000200272	67.500025034	160.74988246	0.0	0	-99.0	-5.5	0	10	01:54:31.140000	01:54:31.225000	01:54:31.765000	
FACH	1.75	397.000074387	56.7142963409	102.999925613	0.0	0	-100.0	-6.0	0	0	01:54:40.680000	01:54:41.358000	01:54:41.755000	
FACH	0.819999933243	10.999917984	1.57141685486	39.571421487	0.0	0	-99.0	-6.0	0	0	01:55:15.880000	01:55:16.640000	01:55:16.651000	
FACH	0.837000131607	11.0001564026	1.57145091466	149.85707828	0.0	0	-99.0	-6.0	0	0	01:55:28.281000	01:55:29.060000	01:55:29.071000	
FACH	1.70700001717	369.999885559	61.6666475932	23.0000019073	0.0	0	-93.0	-4.0	0	11	01:59:44.651000	01:59:45.295000	01:59:45.665000	
FACH	0.84500002861	10.999917984	1.57141685486	30.2857330867	0.0	0	-96.0	-4.5	0	0	02:00:15.990000	02:00:16.780000	02:00:16.791000	
FACH	0.965000152588	60.9998703003	3.58822766472	20.941103206	0.0	0	-96.0	-4.5	0	0	02:00:28.820000	02:00:29.674000	02:00:29.735000	
FACH	1.56100010872	5.00011444092	1.25002861023	182.999849319	0.0	0	-93.0	-4.0	0	0	02:03:40.839000	02:03:42.350000	02:03:42.355000	
FACH	0.910000085831	3.00002098083	1.00000699361	182.999849319	0.0	0	-91.0	-3.5	0	0	02:03:41.510000	02:03:42.358000	02:03:42.361000	
FACH	0.859999895096	13.9999389648	1.74999237061	162.125080824	0.0	0	-107.0	-16.5	0	0	02:05:29.700000	02:05:30.500000	02:05:30.514000	
