***
1359839373 627
45 00 04 1C 00 00 40 00 40 11 48 CB A2 B6 50 F4 8D D4 6C 87 8C 08 27 19 04 08 56 B6 00 00 00 00 00 00 00 00 00 00 00 00 00 00 00 00 00 00 00 00 00 00 00 00 00 00 00 00 00 00 00 00 00 00 00 00 00 00 00 00 00 00 00 00 00 00 00 00 00 00 00 00 
***
1359839374 945
45 00 00 5C 00 00 40 00 2C 11 60 8B 8D D4 6C 87 A2 B6 50 F4 27 19 8C 08 00 48 32 0A 61 61 61 61 61 61 61 61 61 61 61 61 61 61 61 61 61 61 61 61 61 61 61 61 61 61 61 61 61 61 61 61 61 61 61 61 61 61 61 61 61 61 61 61 61 61 61 61 61 61 61 61 
***
1359839375 950
45 00 00 5C 00 00 40 00 40 11 4C 8B A2 B6 50 F4 8D D4 6C 87 A0 AE 27 19 00 48 49 90 00 00 00 00 00 00 00 00 00 00 00 00 00 00 00 00 00 00 00 00 00 00 00 00 00 00 00 00 00 00 00 00 00 00 00 00 00 00 00 00 00 00 00 00 00 00 00 00 00 00 00 00 
***
1359839376 25
45 00 00 5C 00 00 40 00 2C 11 60 8B 8D D4 6C 87 A2 B6 50 F4 27 19 A0 AE 00 48 1D 64 61 61 61 61 61 61 61 61 61 61 61 61 61 61 61 61 61 61 61 61 61 61 61 61 61 61 61 61 61 61 61 61 61 61 61 61 61 61 61 61 61 61 61 61 61 61 61 61 61 61 61 61 
***
1359839391 35
45 00 04 1C 00 00 40 00 40 11 48 CB A2 B6 50 F4 8D D4 6C 87 BF 4E 27 19 04 08 23 70 00 00 00 00 00 00 00 00 00 00 00 00 00 00 00 00 00 00 00 00 00 00 00 00 00 00 00 00 00 00 00 00 00 00 00 00 00 00 00 00 00 00 00 00 00 00 00 00 00 00 00 00 
***
1359839392 425
45 00 00 5C 00 00 40 00 2C 11 60 8B 8D D4 6C 87 A2 B6 50 F4 27 19 BF 4E 00 48 FE C3 61 61 61 61 61 61 61 61 61 61 61 61 61 61 61 61 61 61 61 61 61 61 61 61 61 61 61 61 61 61 61 61 61 61 61 61 61 61 61 61 61 61 61 61 61 61 61 61 61 61 61 61 
***
1359839394 430
45 00 00 5C 00 00 40 00 40 11 4C 8B A2 B6 50 F4 8D D4 6C 87 CA 1D 27 19 00 48 20 21 00 00 00 00 00 00 00 00 00 00 00 00 00 00 00 00 00 00 00 00 00 00 00 00 00 00 00 00 00 00 00 00 00 00 00 00 00 00 00 00 00 00 00 00 00 00 00 00 00 00 00 00 
***
1359839394 565
45 00 00 5C 00 00 40 00 2C 11 60 8B 8D D4 6C 87 A2 B6 50 F4 27 19 CA 1D 00 48 F3 F4 61 61 61 61 61 61 61 61 61 61 61 61 61 61 61 61 61 61 61 61 61 61 61 61 61 61 61 61 61 61 61 61 61 61 61 61 61 61 61 61 61 61 61 61 61 61 61 61 61 61 61 61 
***
1359839409 575
45 00 04 1C 00 00 40 00 40 11 48 CB A2 B6 50 F4 8D D4 6C 87 A9 13 27 19 04 08 39 AB 00 00 00 00 00 00 00 00 00 00 00 00 00 00 00 00 00 00 00 00 00 00 00 00 00 00 00 00 00 00 00 00 00 00 00 00 00 00 00 00 00 00 00 00 00 00 00 00 00 00 00 00 
***
1359839411 133
45 00 00 5C 00 00 40 00 2C 11 60 8B 8D D4 6C 87 A2 B6 50 F4 27 19 A9 13 00 48 14 FF 61 61 61 61 61 61 61 61 61 61 61 61 61 61 61 61 61 61 61 61 61 61 61 61 61 61 61 61 61 61 61 61 61 61 61 61 61 61 61 61 61 61 61 61 61 61 61 61 61 61 61 61 
***
1359839414 140
45 00 00 5C 00 00 40 00 40 11 4C 8B A2 B6 50 F4 8D D4 6C 87 B3 47 27 19 00 48 36 F7 00 00 00 00 00 00 00 00 00 00 00 00 00 00 00 00 00 00 00 00 00 00 00 00 00 00 00 00 00 00 00 00 00 00 00 00 00 00 00 00 00 00 00 00 00 00 00 00 00 00 00 00 
***
1359839416 121
45 00 00 5C 00 00 40 00 2C 11 60 8B 8D D4 6C 87 A2 B6 50 F4 27 19 B3 47 00 48 0A CB 61 61 61 61 61 61 61 61 61 61 61 61 61 61 61 61 61 61 61 61 61 61 61 61 61 61 61 61 61 61 61 61 61 61 61 61 61 61 61 61 61 61 61 61 61 61 61 61 61 61 61 61 
***
1359839431 131
45 00 04 1C 00 00 40 00 40 11 48 CB A2 B6 50 F4 8D D4 6C 87 A6 16 27 19 04 08 3C A8 00 00 00 00 00 00 00 00 00 00 00 00 00 00 00 00 00 00 00 00 00 00 00 00 00 00 00 00 00 00 00 00 00 00 00 00 00 00 00 00 00 00 00 00 00 00 00 00 00 00 00 00 
***
1359839432 483
45 00 00 5C 00 00 40 00 2C 11 60 8B 8D D4 6C 87 A2 B6 50 F4 27 19 A6 16 00 48 17 FC 61 61 61 61 61 61 61 61 61 61 61 61 61 61 61 61 61 61 61 61 61 61 61 61 61 61 61 61 61 61 61 61 61 61 61 61 61 61 61 61 61 61 61 61 61 61 61 61 61 61 61 61 
***
1359839436 490
45 00 00 5C 00 00 40 00 40 11 4C 8B A2 B6 50 F4 8D D4 6C 87 86 3A 27 19 00 48 64 04 00 00 00 00 00 00 00 00 00 00 00 00 00 00 00 00 00 00 00 00 00 00 00 00 00 00 00 00 00 00 00 00 00 00 00 00 00 00 00 00 00 00 00 00 00 00 00 00 00 00 00 00 
***
1359839437 191
45 00 00 5C 00 00 40 00 2C 11 60 8B 8D D4 6C 87 A2 B6 50 F4 27 19 86 3A 00 48 37 D8 61 61 61 61 61 61 61 61 61 61 61 61 61 61 61 61 61 61 61 61 61 61 61 61 61 61 61 61 61 61 61 61 61 61 61 61 61 61 61 61 61 61 61 61 61 61 61 61 61 61 61 61 
***
1359839452 206
45 00 04 1C 00 00 40 00 40 11 48 CB A2 B6 50 F4 8D D4 6C 87 95 4B 27 19 04 08 4D 73 00 00 00 00 00 00 00 00 00 00 00 00 00 00 00 00 00 00 00 00 00 00 00 00 00 00 00 00 00 00 00 00 00 00 00 00 00 00 00 00 00 00 00 00 00 00 00 00 00 00 00 00 
***
1359839453 673
45 00 00 5C 00 00 40 00 2C 11 60 8B 8D D4 6C 87 A2 B6 50 F4 27 19 95 4B 00 48 28 C7 61 61 61 61 61 61 61 61 61 61 61 61 61 61 61 61 61 61 61 61 61 61 61 61 61 61 61 61 61 61 61 61 61 61 61 61 61 61 61 61 61 61 61 61 61 61 61 61 61 61 61 61 
***
1359839458 681
45 00 00 5C 00 00 40 00 40 11 4C 8B A2 B6 50 F4 8D D4 6C 87 85 F8 27 19 00 48 64 46 00 00 00 00 00 00 00 00 00 00 00 00 00 00 00 00 00 00 00 00 00 00 00 00 00 00 00 00 00 00 00 00 00 00 00 00 00 00 00 00 00 00 00 00 00 00 00 00 00 00 00 00 
***
1359839459 51
45 00 00 5C 00 00 40 00 2C 11 60 8B 8D D4 6C 87 A2 B6 50 F4 27 19 85 F8 00 48 38 1A 61 61 61 61 61 61 61 61 61 61 61 61 61 61 61 61 61 61 61 61 61 61 61 61 61 61 61 61 61 61 61 61 61 61 61 61 61 61 61 61 61 61 61 61 61 61 61 61 61 61 61 61 
***
1359839474 63
45 00 04 1C 00 00 40 00 40 11 48 CB A2 B6 50 F4 8D D4 6C 87 CE 55 27 19 04 08 14 69 00 00 00 00 00 00 00 00 00 00 00 00 00 00 00 00 00 00 00 00 00 00 00 00 00 00 00 00 00 00 00 00 00 00 00 00 00 00 00 00 00 00 00 00 00 00 00 00 00 00 00 00 
***
1359839475 515
45 00 00 5C 00 00 40 00 2C 11 60 8B 8D D4 6C 87 A2 B6 50 F4 27 19 CE 55 00 48 EF BC 61 61 61 61 61 61 61 61 61 61 61 61 61 61 61 61 61 61 61 61 61 61 61 61 61 61 61 61 61 61 61 61 61 61 61 61 61 61 61 61 61 61 61 61 61 61 61 61 61 61 61 61 
***
1359839481 523
45 00 00 5C 00 00 40 00 40 11 4C 8B A2 B6 50 F4 8D D4 6C 87 DE 77 27 19 00 48 0B C7 00 00 00 00 00 00 00 00 00 00 00 00 00 00 00 00 00 00 00 00 00 00 00 00 00 00 00 00 00 00 00 00 00 00 00 00 00 00 00 00 00 00 00 00 00 00 00 00 00 00 00 00 
***
1359839481 881
45 00 00 5C 00 00 40 00 2C 11 60 8B 8D D4 6C 87 A2 B6 50 F4 27 19 DE 77 00 48 DF 9A 61 61 61 61 61 61 61 61 61 61 61 61 61 61 61 61 61 61 61 61 61 61 61 61 61 61 61 61 61 61 61 61 61 61 61 61 61 61 61 61 61 61 61 61 61 61 61 61 61 61 61 61 
***
1359839496 895
45 00 04 1C 00 00 40 00 40 11 48 CB A2 B6 50 F4 8D D4 6C 87 83 F5 27 19 04 08 5E C9 00 00 00 00 00 00 00 00 00 00 00 00 00 00 00 00 00 00 00 00 00 00 00 00 00 00 00 00 00 00 00 00 00 00 00 00 00 00 00 00 00 00 00 00 00 00 00 00 00 00 00 00 
***
1359839501 497
45 00 00 5C 00 00 40 00 2C 11 60 8B 8D D4 6C 87 A2 B6 50 F4 27 19 83 F5 00 48 3A 1D 61 61 61 61 61 61 61 61 61 61 61 61 61 61 61 61 61 61 61 61 61 61 61 61 61 61 61 61 61 61 61 61 61 61 61 61 61 61 61 61 61 61 61 61 61 61 61 61 61 61 61 61 
***
1359839508 508
45 00 00 5C 00 00 40 00 40 11 4C 8B A2 B6 50 F4 8D D4 6C 87 C1 84 27 19 00 48 28 BA 00 00 00 00 00 00 00 00 00 00 00 00 00 00 00 00 00 00 00 00 00 00 00 00 00 00 00 00 00 00 00 00 00 00 00 00 00 00 00 00 00 00 00 00 00 00 00 00 00 00 00 00 
***
1359839509 321
45 00 00 5C 00 00 40 00 2C 11 60 8B 8D D4 6C 87 A2 B6 50 F4 27 19 C1 84 00 48 FC 8D 61 61 61 61 61 61 61 61 61 61 61 61 61 61 61 61 61 61 61 61 61 61 61 61 61 61 61 61 61 61 61 61 61 61 61 61 61 61 61 61 61 61 61 61 61 61 61 61 61 61 61 61 
***
1359839524 333
45 00 04 1C 00 00 40 00 40 11 48 CB A2 B6 50 F4 8D D4 6C 87 DA 13 27 19 04 08 08 AB 00 00 00 00 00 00 00 00 00 00 00 00 00 00 00 00 00 00 00 00 00 00 00 00 00 00 00 00 00 00 00 00 00 00 00 00 00 00 00 00 00 00 00 00 00 00 00 00 00 00 00 00 
***
1359839525 687
45 00 00 5C 00 00 40 00 2C 11 60 8B 8D D4 6C 87 A2 B6 50 F4 27 19 DA 13 00 48 E3 FE 61 61 61 61 61 61 61 61 61 61 61 61 61 61 61 61 61 61 61 61 61 61 61 61 61 61 61 61 61 61 61 61 61 61 61 61 61 61 61 61 61 61 61 61 61 61 61 61 61 61 61 61 
***
1359839533 696
45 00 00 5C 00 00 40 00 40 11 4C 8B A2 B6 50 F4 8D D4 6C 87 9B 7B 27 19 00 48 4E C3 00 00 00 00 00 00 00 00 00 00 00 00 00 00 00 00 00 00 00 00 00 00 00 00 00 00 00 00 00 00 00 00 00 00 00 00 00 00 00 00 00 00 00 00 00 00 00 00 00 00 00 00 
***
1359839534 531
45 00 00 5C 00 00 40 00 2B 11 61 8B 8D D4 6C 87 A2 B6 50 F4 27 19 9B 7B 00 48 22 97 61 61 61 61 61 61 61 61 61 61 61 61 61 61 61 61 61 61 61 61 61 61 61 61 61 61 61 61 61 61 61 61 61 61 61 61 61 61 61 61 61 61 61 61 61 61 61 61 61 61 61 61 
***
1359839549 545
45 00 04 1C 00 00 40 00 40 11 48 CB A2 B6 50 F4 8D D4 6C 87 E9 DB 27 19 04 08 F8 E2 00 00 00 00 00 00 00 00 00 00 00 00 00 00 00 00 00 00 00 00 00 00 00 00 00 00 00 00 00 00 00 00 00 00 00 00 00 00 00 00 00 00 00 00 00 00 00 00 00 00 00 00 
***
1359839550 890
45 00 00 5C 00 00 40 00 2C 11 60 8B 8D D4 6C 87 A2 B6 50 F4 27 19 E9 DB 00 48 D4 36 61 61 61 61 61 61 61 61 61 61 61 61 61 61 61 61 61 61 61 61 61 61 61 61 61 61 61 61 61 61 61 61 61 61 61 61 61 61 61 61 61 61 61 61 61 61 61 61 61 61 61 61 
***
1359839559 898
45 00 00 5C 00 00 40 00 40 11 4C 8B A2 B6 50 F4 8D D4 6C 87 98 3E 27 19 00 48 52 00 00 00 00 00 00 00 00 00 00 00 00 00 00 00 00 00 00 00 00 00 00 00 00 00 00 00 00 00 00 00 00 00 00 00 00 00 00 00 00 00 00 00 00 00 00 00 00 00 00 00 00 00 
***
1359839560 781
45 00 00 5C 00 00 40 00 2C 11 60 8B 8D D4 6C 87 A2 B6 50 F4 27 19 98 3E 00 48 25 D4 61 61 61 61 61 61 61 61 61 61 61 61 61 61 61 61 61 61 61 61 61 61 61 61 61 61 61 61 61 61 61 61 61 61 61 61 61 61 61 61 61 61 61 61 61 61 61 61 61 61 61 61 
***
1359839575 793
45 00 04 1C 00 00 40 00 40 11 48 CB A2 B6 50 F4 8D D4 6C 87 C9 99 27 19 04 08 19 25 00 00 00 00 00 00 00 00 00 00 00 00 00 00 00 00 00 00 00 00 00 00 00 00 00 00 00 00 00 00 00 00 00 00 00 00 00 00 00 00 00 00 00 00 00 00 00 00 00 00 00 00 
***
1359839577 175
45 00 00 5C 00 00 40 00 2C 11 60 8B 8D D4 6C 87 A2 B6 50 F4 27 19 C9 99 00 48 F4 78 61 61 61 61 61 61 61 61 61 61 61 61 61 61 61 61 61 61 61 61 61 61 61 61 61 61 61 61 61 61 61 61 61 61 61 61 61 61 61 61 61 61 61 61 61 61 61 61 61 61 61 61 
***
1359839587 183
45 00 00 5C 00 00 40 00 40 11 4C 8B A2 B6 50 F4 8D D4 6C 87 A2 71 27 19 00 48 47 CD 00 00 00 00 00 00 00 00 00 00 00 00 00 00 00 00 00 00 00 00 00 00 00 00 00 00 00 00 00 00 00 00 00 00 00 00 00 00 00 00 00 00 00 00 00 00 00 00 00 00 00 00 
***
1359839588 41
45 00 00 5C 00 00 40 00 2C 11 60 8B 8D D4 6C 87 A2 B6 50 F4 27 19 A2 71 00 48 1B A1 61 61 61 61 61 61 61 61 61 61 61 61 61 61 61 61 61 61 61 61 61 61 61 61 61 61 61 61 61 61 61 61 61 61 61 61 61 61 61 61 61 61 61 61 61 61 61 61 61 61 61 61 
***
1359839603 53
45 00 04 1C 00 00 40 00 40 11 48 CB A2 B6 50 F4 8D D4 6C 87 AF 5A 27 19 04 08 33 64 00 00 00 00 00 00 00 00 00 00 00 00 00 00 00 00 00 00 00 00 00 00 00 00 00 00 00 00 00 00 00 00 00 00 00 00 00 00 00 00 00 00 00 00 00 00 00 00 00 00 00 00 
***
1359839604 573
45 00 00 5C 00 00 40 00 2C 11 60 8B 8D D4 6C 87 A2 B6 50 F4 27 19 AF 5A 00 48 0E B8 61 61 61 61 61 61 61 61 61 61 61 61 61 61 61 61 61 61 61 61 61 61 61 61 61 61 61 61 61 61 61 61 61 61 61 61 61 61 61 61 61 61 61 61 61 61 61 61 61 61 61 61 
***
1359839615 583
45 00 00 5C 00 00 40 00 40 11 4C 8B A2 B6 50 F4 8D D4 6C 87 9D AE 27 19 00 48 4C 90 00 00 00 00 00 00 00 00 00 00 00 00 00 00 00 00 00 00 00 00 00 00 00 00 00 00 00 00 00 00 00 00 00 00 00 00 00 00 00 00 00 00 00 00 00 00 00 00 00 00 00 00 
***
1359839619 431
45 00 00 5C 00 00 40 00 2C 11 60 8B 8D D4 6C 87 A2 B6 50 F4 27 19 9D AE 00 48 20 64 61 61 61 61 61 61 61 61 61 61 61 61 61 61 61 61 61 61 61 61 61 61 61 61 61 61 61 61 61 61 61 61 61 61 61 61 61 61 61 61 61 61 61 61 61 61 61 61 61 61 61 61 
***
1359839634 443
45 00 04 1C 00 00 40 00 40 11 48 CB A2 B6 50 F4 8D D4 6C 87 C8 96 27 19 04 08 1A 28 00 00 00 00 00 00 00 00 00 00 00 00 00 00 00 00 00 00 00 00 00 00 00 00 00 00 00 00 00 00 00 00 00 00 00 00 00 00 00 00 00 00 00 00 00 00 00 00 00 00 00 00 
***
1359839638 927
45 00 00 5C 00 00 40 00 2C 11 60 8B 8D D4 6C 87 A2 B6 50 F4 27 19 C8 96 00 48 F5 7B 61 61 61 61 61 61 61 61 61 61 61 61 61 61 61 61 61 61 61 61 61 61 61 61 61 61 61 61 61 61 61 61 61 61 61 61 61 61 61 61 61 61 61 61 61 61 61 61 61 61 61 61 
***
1359839650 935
45 00 00 5C 00 00 40 00 40 11 4C 8B A2 B6 50 F4 8D D4 6C 87 91 2C 27 19 00 48 59 12 00 00 00 00 00 00 00 00 00 00 00 00 00 00 00 00 00 00 00 00 00 00 00 00 00 00 00 00 00 00 00 00 00 00 00 00 00 00 00 00 00 00 00 00 00 00 00 00 00 00 00 00 
***
1359839651 861
45 00 00 5C 00 00 40 00 2C 11 60 8B 8D D4 6C 87 A2 B6 50 F4 27 19 91 2C 00 48 2C E6 61 61 61 61 61 61 61 61 61 61 61 61 61 61 61 61 61 61 61 61 61 61 61 61 61 61 61 61 61 61 61 61 61 61 61 61 61 61 61 61 61 61 61 61 61 61 61 61 61 61 61 61 
***
1359839666 875
45 00 04 1C 00 00 40 00 40 11 48 CB A2 B6 50 F4 8D D4 6C 87 85 1A 27 19 04 08 5D A4 00 00 00 00 00 00 00 00 00 00 00 00 00 00 00 00 00 00 00 00 00 00 00 00 00 00 00 00 00 00 00 00 00 00 00 00 00 00 00 00 00 00 00 00 00 00 00 00 00 00 00 00 
***
1359839671 357
45 00 00 5C 00 00 40 00 2C 11 60 8B 8D D4 6C 87 A2 B6 50 F4 27 19 85 1A 00 48 38 F8 61 61 61 61 61 61 61 61 61 61 61 61 61 61 61 61 61 61 61 61 61 61 61 61 61 61 61 61 61 61 61 61 61 61 61 61 61 61 61 61 61 61 61 61 61 61 61 61 61 61 61 61 
***
1359839684 366
45 00 00 5C 00 00 40 00 40 11 4C 8B A2 B6 50 F4 8D D4 6C 87 BE 1B 27 19 00 48 2C 23 00 00 00 00 00 00 00 00 00 00 00 00 00 00 00 00 00 00 00 00 00 00 00 00 00 00 00 00 00 00 00 00 00 00 00 00 00 00 00 00 00 00 00 00 00 00 00 00 00 00 00 00 
***
1359839685 311
45 00 00 5C 00 00 40 00 2C 11 60 8B 8D D4 6C 87 A2 B6 50 F4 27 19 BE 1B 00 48 FF F6 61 61 61 61 61 61 61 61 61 61 61 61 61 61 61 61 61 61 61 61 61 61 61 61 61 61 61 61 61 61 61 61 61 61 61 61 61 61 61 61 61 61 61 61 61 61 61 61 61 61 61 61 
***
1359839700 325
45 00 04 1C 00 00 40 00 40 11 48 CB A2 B6 50 F4 8D D4 6C 87 BF 7D 27 19 04 08 23 41 00 00 00 00 00 00 00 00 00 00 00 00 00 00 00 00 00 00 00 00 00 00 00 00 00 00 00 00 00 00 00 00 00 00 00 00 00 00 00 00 00 00 00 00 00 00 00 00 00 00 00 00 
***
1359839701 675
45 00 00 5C 00 00 40 00 2C 11 60 8B 8D D4 6C 87 A2 B6 50 F4 27 19 BF 7D 00 48 FE 94 61 61 61 61 61 61 61 61 61 61 61 61 61 61 61 61 61 61 61 61 61 61 61 61 61 61 61 61 61 61 61 61 61 61 61 61 61 61 61 61 61 61 61 61 61 61 61 61 61 61 61 61 
***
1359839715 683
45 00 00 5C 00 00 40 00 40 11 4C 8B A2 B6 50 F4 8D D4 6C 87 B1 C6 27 19 00 48 38 78 00 00 00 00 00 00 00 00 00 00 00 00 00 00 00 00 00 00 00 00 00 00 00 00 00 00 00 00 00 00 00 00 00 00 00 00 00 00 00 00 00 00 00 00 00 00 00 00 00 00 00 00 
***
1359839719 551
45 00 00 5C 00 00 40 00 2C 11 60 8B 8D D4 6C 87 A2 B6 50 F4 27 19 B1 C6 00 48 0C 4C 61 61 61 61 61 61 61 61 61 61 61 61 61 61 61 61 61 61 61 61 61 61 61 61 61 61 61 61 61 61 61 61 61 61 61 61 61 61 61 61 61 61 61 61 61 61 61 61 61 61 61 61 
***
1359839734 563
45 00 04 1C 00 00 40 00 40 11 48 CB A2 B6 50 F4 8D D4 6C 87 A4 31 27 19 04 08 3E 8D 00 00 00 00 00 00 00 00 00 00 00 00 00 00 00 00 00 00 00 00 00 00 00 00 00 00 00 00 00 00 00 00 00 00 00 00 00 00 00 00 00 00 00 00 00 00 00 00 00 00 00 00 
***
1359839735 913
45 00 00 5C 00 00 40 00 2C 11 60 8B 8D D4 6C 87 A2 B6 50 F4 27 19 A4 31 00 48 19 E1 61 61 61 61 61 61 61 61 61 61 61 61 61 61 61 61 61 61 61 61 61 61 61 61 61 61 61 61 61 61 61 61 61 61 61 61 61 61 61 61 61 61 61 61 61 61 61 61 61 61 61 61 
***
1359839750 923
45 00 00 5C 00 00 40 00 40 11 4C 8B A2 B6 50 F4 8D D4 6C 87 B5 3F 27 19 00 48 34 FF 00 00 00 00 00 00 00 00 00 00 00 00 00 00 00 00 00 00 00 00 00 00 00 00 00 00 00 00 00 00 00 00 00 00 00 00 00 00 00 00 00 00 00 00 00 00 00 00 00 00 00 00 
***
1359839751 791
45 00 00 5C 00 00 40 00 2C 11 60 8B 8D D4 6C 87 A2 B6 50 F4 27 19 B5 3F 00 48 08 D3 61 61 61 61 61 61 61 61 61 61 61 61 61 61 61 61 61 61 61 61 61 61 61 61 61 61 61 61 61 61 61 61 61 61 61 61 61 61 61 61 61 61 61 61 61 61 61 61 61 61 61 61 
