1.614000        0.000000        3.000000
0.615000        0.000000        5.000000
0.685000        0.000000        5.000000
0.745000        0.000000        5.000000
0.805000        0.000000        5.000000
0.875000        0.000000        5.000000
0.945000        0.000000        5.000000
1.016000        0.000000        5.000000
1.095000        0.000000        5.000000
1.434000        0.000000        3.000000
1.444000        0.000000        3.000000
1.454000        0.000000        3.000000
1.464000        0.000000        3.000000
1.474000        0.000000        3.000000
1.484000        0.000000        3.000000
1.494000        0.000000        3.000000
