!!!!!!!!!!!!!!!!!!!!!!!!!!!!!!!
Running up HTC high 3 ...
TCP ReTx happens 89 times
TCP Fast ReTx happens 7 times
Overhead ratio is 24.000000 / 63.000000 = 0.380952
Overhead: time intervals are: [[4.060999870300293, 0.029000043869018555], [0.039999961853027344, 0.039999961853027344], [4.139999866485596, 0.1100001335144043], [3.140000104904175, 0.039999961853027344], [0.039999961853027344, 0.23000001907348633], [4.1000001430511475, 0.039999961853027344], [0.039999961853027344, 2.5399999618530273], [4.579999923706055, 0.009999990463256836], [4.145999908447266, 0.07000017166137695], [0.04999995231628418, 0.019999980926513672], [0.059999942779541016, 0.0709998607635498], [3.609999895095825, 0.051000118255615234], [0.1400001049041748, 0.059999942779541016], [0.020999908447265625, 0.16899991035461426], [3.25, 0.0410001277923584], [0.009999990463256836, 0.04999995231628418], [0.2799999713897705, 3.240000009536743], [0.13000011444091797, 0.009999990463256836], [0.009999990463256836, 0.059999942779541016], [0.26999998092651367, 3.490000009536743], [0.04999995231628418, 0.013000011444091797], [0.039999961853027344, 3.2300000190734863], [0.009999990463256836, 0.009999990463256836], [0.059999942779541016, 0.019999980926513672]]
Overhead: Avg of time interval is 0.956708
Non-overhead: time intervals are [[0.039999961853027344, 3.8600001335144043], [0.009999990463256836, 0.11999988555908203], [0.029999971389770508, 0.009999990463256836], [0.08999991416931152, 0.2999999523162842], [0.009999990463256836, 0.019999980926513672], [0.04999995231628418, 0.24000000953674316], [0.029999971389770508, 0.029999971389770508], [0.2999999523162842, 4.055000066757202], [0.051000118255615234, 0.006999969482421875], [0.26999998092651367, 3.490999937057495], [0.08000016212463379, 0.05099987983703613], [0.15799999237060547, 0.2999999523162842], [0.04800009727478027, 0.009999990463256836], [6.159999847412109, 0.00800013542175293], [0.04799985885620117, 0.012000083923339844], [0.007999897003173828, 0.09000015258789062], [4.0920000076293945, 0.14999985694885254], [0.007999897003173828, 0.009999990463256836], [0.2980000972747803, 4.123999834060669], [3.2300000190734863, 0.019999980926513672], [0.18000006675720215, 0.2999999523162842], [0.06999993324279785, 0.2999999523162842], [0.039999961853027344, 3.879999876022339], [0.07000017166137695, 0.039999961853027344], [0.1700000762939453, 0.08999991416931152], [3.130000114440918, 0.009999990463256836], [0.009999990463256836, 0.010000228881835938], [0.039999961853027344, 0.019999980926513672], [4.069999933242798, 0.039999961853027344], [0.059999942779541016, 0.15999984741210938], [3.0799999237060547, 0.2200000286102295], [4.104999780654907, 0.03000020980834961], [0.039999961853027344, 0.16000008583068848], [0.04999995231628418, 0.019999980926513672], [0.15999984741210938, 0.10000014305114746], [0.019999980926513672, 0.14999985694885254], [3.940000057220459, 0.06099987030029297], [0.028999805450439453, 0.05000019073486328], [3.9049999713897705, 0.07999992370605469]]
Non-overhead: Avg of time interval is 0.779603
!!!!!!!!!!!!!!!!!!!!!!!!!!!!!!!
Running up HTC high 3.5 ...
TCP ReTx happens 32 times
TCP Fast ReTx happens 4 times
Overhead ratio is 146.000000 / 222.000000 = 0.657658
Overhead: time intervals are: [[3.3399999141693115, 0.019999980926513672], [3.2699999809265137, 0.009999990463256836], [0.009999990463256836, 0.25], [3.5199999809265137, 0.08000016212463379], [3.369999885559082, 0.09000015258789062], [0.039999961853027344, 3.2300000190734863], [0.019999980926513672, 0.009999990463256836], [3.5999999046325684, 0.009999990463256836], [3.4799997806549072, 0.07000017166137695], [3.297999858856201, 0.019999980926513672], [0.039999961853027344, 0.04999995231628418], [3.56000018119812, 0.059999942779541016], [3.5389997959136963, 0.051000118255615234], [3.5399999618530273, 0.019999980926513672], [3.5299999713897705, 0.10000014305114746], [3.6000001430511475, 0.019999980926513672], [3.5300002098083496, 0.039999961853027344], [3.5290000438690186, 0.04999995231628418], [3.490000009536743, 0.059999942779541016], [0.039999961853027344, 3.5799999237060547], [3.5, 0.040000200271606445], [3.5400002002716064, 0.04999995231628418], [3.5299999713897705, 0.07999992370605469], [3.379999876022339, 0.04999995231628418], [3.5799999237060547, 0.09500002861022949], [3.4200000762939453, 0.019999980926513672], [3.5299999713897705, 0.019999980926513672], [3.5400002002716064, 0.08999991416931152], [0.019999980926513672, 0.26999998092651367], [3.31000018119812, 0.19999980926513672], [3.5799999237060547, 0.029999971389770508], [3.259999990463257, 0.039999961853027344], [3.140000104904175, 0.029999971389770508], [0.15999984741210938, 0.30100011825561523], [3.569999933242798, 0.07000017166137695], [3.619999885559082, 0.040000200271606445], [3.440000057220459, 0.04999995231628418], [3.509999990463257, 0.11999988555908203], [3.5, 0.04999995231628418], [3.3600001335144043, 0.06999993324279785], [3.5, 0.009999990463256836], [3.299999952316284, 0.03000020980834961], [0.009999990463256836, 0.2200000286102295], [3.549999952316284, 0.009999990463256836], [3.5199999809265137, 0.12000012397766113], [0.042999982833862305, 0.2669999599456787], [3.5399999618530273, 0.06000018119812012], [3.3299999237060547, 0.16000008583068848], [3.56000018119812, 0.06999993324279785], [3.4000000953674316, 0.019999980926513672], [3.569999933242798, 0.04999995231628418], [3.5799999237060547, 0.009999990463256836], [3.5199999809265137, 0.04999995231628418], [3.3399999141693115, 0.2999999523162842], [3.4600000381469727, 0.029999971389770508], [3.5199999809265137, 0.09999990463256836], [0.039999961853027344, 3.569999933242798], [3.429999828338623, 0.20000004768371582], [3.5500001907348633, 0.04999995231628418], [3.509999990463257, 0.009999990463256836], [3.509999990463257, 0.09999990463256836], [0.039999961853027344, 3.0900001525878906], [0.019999980926513672, 0.11999988555908203], [3.56000018119812, 0.06999993324279785], [3.5799999237060547, 0.09000015258789062], [3.5199999809265137, 0.05000019073486328], [3.5999999046325684, 0.009999990463256836], [3.5899999141693115, 0.009999990463256836], [3.4600000381469727, 0.059999942779541016], [0.019999980926513672, 0.3000001907348633], [0.039999961853027344, 3.3499999046325684], [0.04999995231628418, 0.059999942779541016], [3.6499998569488525, 0.04400014877319336], [0.039999961853027344, 3.319999933242798], [0.07999992370605469, 0.07800006866455078], [4.140000104904175, 0.019999980926513672], [3.370000123977661, 0.009999990463256836], [0.029999971389770508, 0.20000004768371582], [0.03000020980834961, 0.09999990463256836], [0.009999990463256836, 0.04999995231628418], [0.029999971389770508, 0.039999961853027344], [3.4099998474121094, 0.040000200271606445], [0.039999961853027344, 3.240000009536743], [3.5400002002716064, 0.059999942779541016], [0.08000016212463379, 0.039999961853027344], [3.569999933242798, 0.010000228881835938], [3.5, 0.03000020980834961], [3.5, 0.009999990463256836], [3.549999952316284, 0.039999961853027344], [3.5199999809265137, 0.019999980926513672], [3.440000057220459, 0.12999987602233887], [3.559999942779541, 0.08000016212463379], [3.569999933242798, 0.019999980926513672], [3.569999933242798, 0.06999993324279785], [3.490000009536743, 0.059999942779541016], [3.549999952316284, 0.04999995231628418], [3.5199999809265137, 0.06999993324279785], [3.570000171661377, 0.029999971389770508], [3.5200002193450928, 0.009999990463256836], [3.5199999809265137, 0.06999993324279785], [3.6399998664855957, 0.039999961853027344], [0.039999961853027344, 3.2899999618530273], [0.06999993324279785, 0.03000020980834961], [0.039999961853027344, 3.559999942779541], [3.609999895095825, 0.039999961853027344], [3.559999942779541, 0.06999993324279785], [3.309999942779541, 0.26999998092651367], [0.040000200271606445, 3.5799999237060547], [3.549999952316284, 0.059999942779541016], [3.5500001907348633, 0.009999990463256836], [3.549999952316284, 0.07000017166137695], [3.4599997997283936, 0.06000018119812012], [3.5999999046325684, 0.009999990463256836], [3.490000009536743, 0.039999961853027344], [3.5989999771118164, 0.039999961853027344], [3.2699999809265137, 0.06000018119812012], [3.559999942779541, 0.029999971389770508], [3.559999942779541, 0.13000011444091797], [3.3500001430511475, 0.019999980926513672], [3.450000047683716, 0.04999995231628418], [3.5169999599456787, 0.1100001335144043], [3.5870001316070557, 0.0839998722076416], [3.3499999046325684, 0.04999995231628418], [3.5899999141693115, 0.019999980926513672], [0.039999961853027344, 3.2899999618530273], [0.07000017166137695, 0.019999980926513672], [3.5500001907348633, 0.11999988555908203], [3.299999952316284, 0.08999991416931152], [0.019999980926513672, 0.12000012397766113], [3.5199999809265137, 0.1099998950958252], [3.580000162124634, 0.06999993324279785], [3.5209999084472656, 0.12000012397766113], [3.319999933242798, 0.039999961853027344], [0.039999961853027344, 3.5399999618530273], [3.620000123977661, 0.04999995231628418], [3.510000228881836, 0.12999987602233887], [0.03900003433227539, 0.0410001277923584], [3.2699999809265137, 0.06999993324279785], [0.039999961853027344, 0.07999992370605469], [3.5400002002716064, 0.09999990463256836], [0.04999995231628418, 3.4600000381469727], [0.019999980926513672, 1.560999870300293], [3.2299997806549072, 0.03000020980834961], [0.018000125885009766, 0.20000004768371582], [3.259999990463257, 0.1399998664855957], [0.019999980926513672, 0.07999992370605469]]
Overhead: Avg of time interval is 1.499082
Non-overhead: time intervals are [[0.039999961853027344, 3.2100000381469727], [0.039999961853027344, 0.2999999523162842], [3.1700000762939453, 0.019999980926513672], [0.029999971389770508, 0.1700000762939453], [3.56000018119812, 0.04999995231628418], [0.009000062942504883, 0.051000118255615234], [0.009999990463256836, 0.34999990463256836], [0.01900005340576172, 0.009999990463256836], [0.05000019073486328, 0.009999990463256836], [3.4700000286102295, 0.009999990463256836], [3.4100000858306885, 0.039999961853027344], [3.2699999809265137, 0.039999961853027344], [3.6510000228881836, 0.03900003433227539], [0.019999980926513672, 0.059999942779541016], [0.039999961853027344, 0.20000004768371582], [-14396.96700000763, 0.059999942779541016], [3.5199999809265137, 0.07999992370605469], [3.509999990463257, 0.11999988555908203], [3.552000045776367, 0.007999897003173828], [3.2300000190734863, 0.08000016212463379], [3.633000135421753, 0.04999995231628418], [3.4000000953674316, 0.04999995231628418], [0.039999961853027344, 3.580000162124634], [3.25, 0.1100001335144043], [0.009999990463256836, 0.13000011444091797], [0.039999961853027344, 3.4800000190734863], [0.029999971389770508, 0.019999980926513672], [3.6000001430511475, 0.06999993324279785], [3.559999942779541, 0.040000200271606445], [3.5399999618530273, 0.07999992370605469], [0.059999942779541016, 0.019999980926513672], [0.2999999523162842, 4.133999824523926], [3.240000009536743, 0.04999995231628418], [3.5299999713897705, 0.039999961853027344], [3.490000009536743, 0.12000012397766113], [0.2200000286102295, 0.20000004768371582], [0.019999980926513672, 0.13000011444091797], [3.3399999141693115, 0.019999980926513672], [0.039999961853027344, 0.1700000762939453], [3.56000018119812, 0.08999991416931152], [3.509999990463257, 0.12999987602233887], [0.040000200271606445, 0.18999981880187988], [3.3899998664855957, 0.12000012397766113], [0.009999990463256836, 0.1100001335144043], [3.4600000381469727, 0.059999942779541016], [3.5999999046325684, 0.07000017166137695], [3.5299999713897705, 0.11100006103515625], [3.5199999809265137, 0.059999942779541016], [3.6100001335144043, 0.04999995231628418], [0.039999961853027344, 3.570000171661377], [0.029999971389770508, 0.039999961853027344], [3.570000171661377, 0.059999942779541016], [3.506999969482422, 0.059999942779541016], [3.2799999713897705, 0.1100001335144043], [0.019999980926513672, 0.09000015258789062], [3.5200002193450928, 0.1099998950958252], [0.039999961853027344, 3.2900002002716064], [0.06999993324279785, 0.039999961853027344], [3.5, 0.009999990463256836], [3.4599997997283936, 0.040000200271606445], [3.180000066757202, 0.04999995231628418], [0.12000012397766113, 0.2999999523162842], [3.5199999809265137, 0.06999993324279785], [3.3500001430511475, 0.029999971389770508], [3.549999952316284, 0.029999971389770508], [0.08000016212463379, 0.07999992370605469], [4.269999980926514, 0.04999995231628418], [0.010000228881835938, 0.059999942779541016], [0.009999990463256836, 0.009999990463256836], [4.406000137329102, 0.009999990463256836], [3.4800000190734863, 0.05000019073486328], [3.5399999618530273, 0.059999942779541016], [3.509999990463257, 0.08999991416931152], [3.3000001907348633, 0.059999942779541016], [3.580000162124634, 0.04999995231628418], [0.039999961853027344, 3.200000047683716]]
Non-overhead: Avg of time interval is -93.472349
!!!!!!!!!!!!!!!!!!!!!!!!!!!!!!!
Running up HTC high 4 ...
TCP ReTx happens 16 times
TCP Fast ReTx happens 1 times
Overhead ratio is 22.000000 / 28.000000 = 0.785714
Overhead: time intervals are: [[3.253999948501587, 0.006000041961669922], [0.009999990463256836, 0.25999999046325684], [0.059999942779541016, 3.499000072479248], [3.559999942779541, 0.04999995231628418], [0.039999961853027344, 3.5399999618530273], [3.4000000953674316, 0.009999990463256836], [0.04999995231628418, 3.620000123977661], [0.039999961853027344, 3.4800000190734863], [0.040000200271606445, 3.4699997901916504], [3.302000045776367, 0.07800006866455078], [0.04999995231628418, 3.5899999141693115], [3.4000000953674316, 0.06999993324279785], [3.359999895095825, 0.07800006866455078], [0.0279998779296875, 0.043000221252441406], [3.187999963760376, 0.039999961853027344], [0.039999961853027344, 0.14999985694885254], [0.03899979591369629, 3.4800000190734863], [0.009999990463256836, 0.019999980926513672], [0.039999961853027344, 3.490000009536743], [3.430000066757202, 0.039999961853027344], [0.04999995231628418, 3.549999952316284], [0.04999995231628418, 0.08000016212463379]]
Overhead: Avg of time interval is 1.365568
Non-overhead: time intervals are [[0.07000017166137695, 0.031999826431274414], [0.019999980926513672, 0.009999990463256836], [3.359999895095825, 0.039999961853027344], [0.029999971389770508, 0.12000012397766113], [0.029999971389770508, 0.12000012397766113], [0.039999961853027344, 0.029999971389770508]]
Non-overhead: Avg of time interval is 0.325167
!!!!!!!!!!!!!!!!!!!!!!!!!!!!!!!
Running up HTC high 4.5 ...
TCP ReTx happens 25 times
TCP Fast ReTx happens 0 times
Overhead ratio is 126.000000 / 145.000000 = 0.868966
Overhead: time intervals are: [[3.509999990463257, 0.06999993324279785], [3.193000078201294, 0.056999921798706055], [0.019999980926513672, 0.2799999713897705], [3.2300000190734863, 0.039999961853027344], [0.05000019073486328, 0.12999987602233887], [3.259999990463257, 0.019999980926513672], [3.259999990463257, 0.08999991416931152], [3.5429999828338623, 0.1099998950958252], [0.08000016212463379, 0.039999961853027344], [3.200000047683716, 0.11999988555908203], [3.2100000381469727, 0.06999993324279785], [0.040000200271606445, 0.09999990463256836], [3.549999952316284, 0.019999980926513672], [3.4800000190734863, 0.009999990463256836], [3.4800000190734863, 0.039999961853027344], [3.180000066757202, 0.019999980926513672], [3.2900002002716064, 0.03099989891052246], [0.04999995231628418, 0.2109999656677246], [3.201000213623047, 0.019999980926513672], [3.3600001335144043, 0.09999990463256836], [3.490000009536743, 0.01900005340576172], [3.2669999599456787, 0.05099987983703613], [3.189000129699707, 0.06999993324279785], [0.019999980926513672, 0.3000001907348633], [3.2699999809265137, 0.00800013542175293], [0.018000125885009766, 0.2519998550415039], [3.449000120162964, 0.11999988555908203], [0.03900003433227539, 3.1110000610351562], [0.039999961853027344, 0.012000083923339844], [3.490000009536743, 0.20000004768371582], [3.18999981880188, 0.009999990463256836], [0.019999980926513672, 0.21000003814697266], [3.430000066757202, 0.07999992370605469], [3.430000066757202, 0.039999961853027344], [3.370000123977661, 0.029999971389770508], [0.039999961853027344, 3.2200000286102295], [0.009999990463256836, 0.2999999523162842], [3.18999981880188, 0.07000017166137695], [0.009999990463256836, 0.28999996185302734], [3.509999990463257, 0.009999990463256836], [0.040000200271606445, 3.359999895095825], [0.12000012397766113, 0.04999995231628418], [0.07999992370605469, 0.039999961853027344], [3.1500000953674316, 0.029999971389770508], [3.5900001525878906, 0.04999995231628418], [3.5799999237060547, 0.039999961853027344], [3.3299999237060547, 0.05000019073486328], [0.04999995231628418, 0.009999990463256836], [3.559999942779541, 0.08000016212463379], [3.548999786376953, 0.010000228881835938], [3.32099986076355, 0.03900003433227539], [0.031000137329101562, 0.2890000343322754], [3.4600000381469727, 0.039999961853027344], [3.509999990463257, 0.09000015258789062], [0.009999990463256836, 0.10299992561340332], [0.12000012397766113, 0.06999993324279785], [0.06999993324279785, 0.019999980926513672], [0.039999961853027344, 0.020000219345092773], [3.0900001525878906, 0.09999990463256836], [0.009999990463256836, 0.1400001049041748], [0.039999961853027344, 3.200000047683716], [0.009999990463256836, 0.04999995231628418], [3.5199999809265137, 0.05000019073486328], [3.559999942779541, 0.039999961853027344], [3.5399999618530273, 0.019999980926513672], [3.490000009536743, 0.059999942779541016], [3.309999942779541, 0.059999942779541016], [3.3399999141693115, 0.029999971389770508], [3.5399999618530273, 0.06999993324279785], [3.4499998092651367, 0.07000017166137695], [3.570000171661377, 0.029999971389770508], [3.320000171661377, 0.06999993324279785], [3.547999858856201, 0.07000017166137695], [3.299999952316284, 0.1099998950958252], [0.019999980926513672, 0.11999988555908203], [3.312999963760376, 0.08699989318847656], [3.490000009536743, 0.05000019073486328], [3.509999990463257, 0.059999942779541016], [3.240000009536743, 0.009999990463256836], [0.05299997329711914, 0.13700008392333984], [3.2800002098083496, 0.039999961853027344], [3.2200000286102295, 0.09299993515014648], [0.029999971389770508, 0.1100001335144043], [3.4099998474121094, 0.03000020980834961], [3.4000000953674316, 0.039999961853027344], [3.3499999046325684, 0.10000014305114746], [0.026999950408935547, 0.12000012397766113], [3.440000057220459, 0.11999988555908203], [0.03900003433227539, 0.039999961853027344], [0.06999993324279785, 0.2999999523162842], [3.4100000858306885, 0.009999990463256836], [0.039999961853027344, 0.019999980926513672], [3.309999942779541, 0.07999992370605469], [3.4099998474121094, 0.019999980926513672], [3.1999998092651367, 0.07000017166137695], [0.059999942779541016, 0.10000014305114746], [3.56000018119812, 0.019999980926513672], [3.5, 0.08000016212463379], [3.0799999237060547, 0.10000014305114746], [0.009999990463256836, 0.2799999713897705], [3.390000104904175, 0.06999993324279785], [5.544000148773193, 0.059999942779541016], [0.059999942779541016, 0.029999971389770508], [0.019999980926513672, 0.24000000953674316], [0.06999993324279785, 0.04999995231628418], [0.039999961853027344, 0.019999980926513672], [3.1700000762939453, 0.06999993324279785], [0.059999942779541016, 3.4100000858306885], [0.029999971389770508, 0.059999942779541016], [3.4000000953674316, 0.06999993324279785], [3.2200000286102295, 0.039999961853027344], [3.140000104904175, 0.009999990463256836], [0.04999995231628418, 0.25], [3.4100000858306885, 0.04999995231628418], [3.569999933242798, 0.07999992370605469], [3.619999885559082, 0.019999980926513672], [0.019999980926513672, 0.029999971389770508], [0.1099998950958252, 0.010000228881835938], [0.04999995231628418, 0.029999971389770508], [3.3269999027252197, 0.05000019073486328], [0.059999942779541016, 0.019999980926513672], [3.4200000762939453, 0.12999987602233887], [3.5500001907348633, 0.12999987602233887], [0.009999990463256836, 0.019999980926513672], [3.31000018119812, 0.019999980926513672], [0.009999990463256836, 0.2200000286102295]]
Overhead: Avg of time interval is 1.178615
Non-overhead: time intervals are [[3.3600001335144043, 0.1399998664855957], [3.2100000381469727, 0.059999942779541016], [0.06999993324279785, 0.3000001907348633], [3.240000009536743, 0.059999942779541016], [0.029999971389770508, 0.15000009536743164], [0.06999993324279785, 0.039999961853027344], [3.3899998664855957, 0.009999990463256836], [3.129999876022339, 0.029999971389770508], [0.04999995231628418, 0.009999990463256836], [3.4200000762939453, 0.07999992370605469], [0.029999971389770508, 0.029999971389770508], [3.4100000858306885, 0.059999942779541016], [0.009999990463256836, 0.059999942779541016], [3.2799999713897705, 0.05000019073486328], [0.04999995231628418, 0.019999980926513672], [3.299999952316284, 0.029999971389770508], [3.5199999809265137, 0.059999942779541016], [0.019999980926513672, 0.19000005722045898], [6.370999813079834, 0.12000012397766113]]
Non-overhead: Avg of time interval is 1.091079
!!!!!!!!!!!!!!!!!!!!!!!!!!!!!!!
Running up HTC high 5 ...
TCP ReTx happens 5 times
TCP Fast ReTx happens 3 times
Overhead ratio is 107.000000 / 108.000000 = 0.990741
Overhead: time intervals are: [[3.240000009536743, 0.1700000762939453], [0.04999995231628418, 0.021000146865844727], [3.4600000381469727, 0.11999988555908203], [3.56000018119812, 0.04999995231628418], [3.4800000190734863, 0.029999971389770508], [3.629999876022339, 0.021000146865844727], [3.440000057220459, 0.059999942779541016], [3.6600000858306885, 0.029999971389770508], [3.5329999923706055, 0.1100001335144043], [3.200000047683716, 0.01699995994567871], [0.03699994087219238, 0.17300009727478027], [3.507999897003174, 0.04999995231628418], [3.6000001430511475, 0.06999993324279785], [3.559999942779541, 0.039999961853027344], [0.039999961853027344, 3.2899999618530273], [0.020000219345092773, 0.2199997901916504], [0.037000179290771484, 3.5], [0.009999990463256836, 0.029999971389770508], [3.6000001430511475, 0.06299996376037598], [3.2200000286102295, 0.059999942779541016], [0.009999990463256836, 0.19000005722045898], [0.039999961853027344, 3.619999885559082], [0.07999992370605469, 0.039999961853027344], [0.11999988555908203, 0.040000200271606445], [3.2100000381469727, 0.12100005149841309], [0.009999990463256836, 0.07999992370605469], [3.5799999237060547, 0.019999980926513672], [0.037999868392944336, 0.040000200271606445], [3.450000047683716, 0.059999942779541016], [3.31000018119812, 0.059999942779541016], [3.2300000190734863, 0.10000014305114746], [0.009999990463256836, 0.1399998664855957], [3.2699999809265137, 0.1100001335144043], [0.019999980926513672, 0.08999991416931152], [3.4100000858306885, 0.019999980926513672], [3.5199999809265137, 0.08000016212463379], [3.5999999046325684, 0.009999990463256836], [3.4200000762939453, 0.04999995231628418], [3.3400001525878906, 0.04999995231628418], [3.4200000762939453, 0.029000043869018555], [3.4799997806549072, 0.07000017166137695], [3.490000009536743, 0.009999990463256836], [3.3990001678466797, 0.04999995231628418], [3.440000057220459, 0.06999993324279785], [3.440999984741211, 0.03899979591369629], [3.240000009536743, 0.08799982070922852], [0.009999990463256836, 0.3019998073577881], [3.3400001525878906, 0.059999942779541016], [3.5299999713897705, 0.029999971389770508], [3.2669999599456787, 0.07999992370605469], [0.009999990463256836, 0.15999984741210938], [3.319999933242798, 0.029999971389770508], [0.039999961853027344, 0.16000008583068848], [3.25, 0.029999971389770508], [0.039999961853027344, 0.2200000286102295], [3.369999885559082, 0.059999942779541016], [3.3899998664855957, 0.039999961853027344], [3.182000160217285, 0.07799983024597168], [0.019999980926513672, 0.3020000457763672], [3.3899998664855957, 0.059999942779541016], [3.5799999237060547, 0.06000018119812012], [3.248000144958496, 0.009999990463256836], [0.029999971389770508, 0.19000005722045898], [3.4800000190734863, 0.059999942779541016], [3.330000162124634, 0.06999993324279785], [3.380000114440918, 0.059999942779541016], [3.5299999713897705, 0.04999995231628418], [3.430000066757202, 0.04999995231628418], [3.569000005722046, 0.06100010871887207], [3.559999942779541, 0.08999991416931152], [3.4000000953674316, 0.019999980926513672], [3.5, 0.1099998950958252], [3.2899999618530273, 0.04999995231628418], [0.039999961853027344, 0.15000009536743164], [3.359999895095825, 0.08000016212463379], [3.5899999141693115, 0.07999992370605469], [3.2100000381469727, 0.059999942779541016], [0.019999980926513672, 0.26999998092651367], [3.309999942779541, 0.059999942779541016], [0.010000228881835938, 0.1789999008178711], [3.4000000953674316, 0.04999995231628418], [3.3500001430511475, 0.07999992370605469], [3.5, 0.020000219345092773], [3.259999990463257, 0.07000017166137695], [3.4099998474121094, 0.09000015258789062], [0.009999990463256836, 0.15000009536743164], [0.04999995231628418, 0.019999980926513672], [3.5399999618530273, 0.040000200271606445], [3.2300000190734863, 0.029999971389770508], [0.05000019073486328, 0.1099998950958252], [0.039999961853027344, 3.5899999141693115], [3.2800002098083496, 0.06999993324279785], [0.009999990463256836, 0.2999999523162842], [0.040000200271606445, 0.039999961853027344], [3.2199997901916504, 0.1400001049041748], [0.029999971389770508, 0.08000016212463379], [3.2199997901916504, 0.009999990463256836], [0.009999990463256836, 0.23000001907348633], [0.05099987983703613, 3.449000120162964], [0.039999961853027344, 0.019999980926513672], [3.5899999141693115, 0.08999991416931152], [3.2970001697540283, 0.029999971389770508], [0.04999995231628418, 0.09000015258789062], [3.2100000381469727, 0.06999993324279785], [0.039999961853027344, 0.2999999523162842], [3.2799999713897705, 0.07999992370605469], [3.259999990463257, 0.06000018119812012]]
Overhead: Avg of time interval is 1.271215
Non-overhead: time intervals are [[3.4099998474121094, 0.040000200271606445]]
Non-overhead: Avg of time interval is 1.725000
!!!!!!!!!!!!!!!!!!!!!!!!!!!!!!!
Running up HTC low 3 ...
TCP ReTx happens 10 times
TCP Fast ReTx happens 0 times
Overhead ratio is 3.000000 / 5.000000 = 0.600000
Overhead: time intervals are: [[0.04900002479553223, 3.2699999809265137], [3.1700000762939453, 0.12999987602233887], [3.180000066757202, 0.029999971389770508]]
Overhead: Avg of time interval is 1.638167
Non-overhead: time intervals are [[0.059999942779541016, 0.009999990463256836], [3.259999990463257, 0.11999988555908203]]
Non-overhead: Avg of time interval is 0.862500
!!!!!!!!!!!!!!!!!!!!!!!!!!!!!!!
Running up HTC low 3.5 ...
TCP ReTx happens 8 times
TCP Fast ReTx happens 2 times
Overhead ratio is 159.000000 / 166.000000 = 0.957831
Overhead: time intervals are: [[3.6399998664855957, 0.039999961853027344], [3.5, 0.059999942779541016], [0.039999961853027344, 0.08000016212463379], [3.429999828338623, 0.009999990463256836], [3.440000057220459, 0.029999971389770508], [0.039999961853027344, 3.129999876022339], [0.039999961853027344, 3.1500000953674316], [0.2200000286102295, 0.06999993324279785], [3.430000066757202, 0.09999990463256836], [0.020000219345092773, 0.1099998950958252], [0.019999980926513672, 0.26999998092651367], [3.4700000286102295, 0.039999961853027344], [3.503000020980835, 0.009999990463256836], [3.450000047683716, 0.04999995231628418], [3.4790000915527344, 0.06999993324279785], [0.039999961853027344, 3.490000009536743], [3.43999981880188, 0.04999995231628418], [3.4800000190734863, 0.029999971389770508], [3.25, 0.3399999141693115], [0.03600001335144043, 3.299999952316284], [0.05000019073486328, 0.029999971389770508], [3.4700000286102295, 0.019999980926513672], [3.4000000953674316, 0.019999980926513672], [3.549999952316284, 0.04999995231628418], [0.8799998760223389, 0.019999980926513672], [3.299999952316284, 0.12999987602233887], [3.130000114440918, 0.1099998950958252], [3.390000104904175, 0.11999988555908203], [0.07299995422363281, 3.046999931335449], [3.490000009536743, 0.039999961853027344], [3.2669999599456787, 0.020000219345092773], [0.013000011444091797, 0.2569999694824219], [0.042999982833862305, 3.25], [0.013000011444091797, 0.009999990463256836], [3.3570001125335693, 0.23000001907348633], [3.447000026702881, 0.03299999237060547], [0.039999961853027344, 3.430000066757202], [0.006000041961669922, 0.13100004196166992], [3.299999952316284, 0.1700000762939453], [3.4000000953674316, 0.03900003433227539], [3.56000018119812, 0.009999990463256836], [3.3899998664855957, 0.03000020980834961], [3.4090001583099365, 0.059999942779541016], [3.4790000915527344, 0.009999990463256836], [3.5119998455047607, 0.03600001335144043], [3.3999998569488525, 0.059999942779541016], [3.4589998722076416, 0.1400001049041748], [0.03900003433227539, 3.0999999046325684], [3.442000150680542, 0.04799985885620117], [3.3580000400543213, 0.07999992370605469], [3.4079999923706055, 0.09999990463256836], [0.9000000953674316, 0.059999942779541016], [0.039999961853027344, 3.2899999618530273], [3.4000000953674316, 0.04999995231628418], [0.039999961853027344, 3.25], [0.03699994087219238, 3.493000030517578], [0.03900003433227539, 3.059999942779541], [3.5299999713897705, 0.13000011444091797], [0.039999961853027344, 3.450000047683716], [3.509999990463257, 0.12000012397766113], [3.4000000953674316, 0.009999990463256836], [3.430000066757202, 0.09999990463256836], [3.4700000286102295, 0.07999992370605469], [3.3499999046325684, 0.0710000991821289], [0.1099998950958252, 0.009999990463256836], [3.4159998893737793, 0.039999961853027344], [0.039999961853027344, 3.119999885559082], [0.20999979972839355, 0.040000200271606445], [3.370000123977661, 0.1399998664855957], [3.390000104904175, 0.25099992752075195], [3.4700000286102295, 0.039999961853027344], [3.359999895095825, 0.24000000953674316], [3.450000047683716, 0.039999961853027344], [0.039999961853027344, 3.070000171661377], [0.1399998664855957, 0.3000001907348633], [3.569999933242798, 0.059999942779541016], [0.039999961853027344, 3.0399999618530273], [0.029999971389770508, 0.2200000286102295], [3.43999981880188, 0.21000003814697266], [3.31000018119812, 0.039999961853027344], [0.06000018119812012, 3.4589998722076416], [3.259999990463257, 0.04999995231628418], [0.059999942779541016, 3.4099998474121094], [0.039999961853027344, 0.12000012397766113], [3.5199999809265137, 0.059999942779541016], [3.4100000858306885, 0.059999942779541016], [3.580000162124634, 0.009999990463256836], [3.4200000762939453, 0.039999961853027344], [3.1399998664855957, 0.10000014305114746], [3.5399999618530273, 0.029999971389770508], [3.259999990463257, 0.009999990463256836], [0.029999971389770508, 0.2999999523162842], [0.04999995231628418, 3.6100001335144043], [3.3399999141693115, 0.04999995231628418], [3.3999998569488525, 0.05000019073486328], [3.4600000381469727, 0.12999987602233887], [3.440000057220459, 0.039999961853027344], [3.4000000953674316, 0.08999991416931152], [0.039999961853027344, 3.4100000858306885], [0.009999990463256836, 0.12999987602233887], [3.259999990463257, 0.04999995231628418], [3.3999998569488525, 0.03600001335144043], [0.029999971389770508, 0.059999942779541016], [3.509999990463257, 0.04999995231628418], [3.380000114440918, 0.009999990463256836], [3.330000162124634, 0.07999992370605469], [3.4000000953674316, 0.1399998664855957], [3.430000066757202, 0.059999942779541016], [3.4700000286102295, 0.06999993324279785], [0.039999961853027344, 0.009999990463256836], [3.3499999046325684, 0.05000019073486328], [3.4700000286102295, 0.019999980926513672], [3.169999837875366, 0.05000019073486328], [3.5, 0.029999971389770508], [3.450000047683716, 0.1099998950958252], [3.5399999618530273, 0.019999980926513672], [3.6399998664855957, 0.009999990463256836], [3.580000162124634, 0.019999980926513672], [0.08000016212463379, 0.039999961853027344], [3.3299999237060547, 0.06000018119812012], [3.4200000762939453, 0.019999980926513672], [3.4100000858306885, 0.039999961853027344], [3.5, 0.039999961853027344], [3.129999876022339, 0.04999995231628418], [3.4099998474121094, 0.04999995231628418], [3.3499999046325684, 0.03000020980834961], [0.039999961853027344, 3.109999895095825], [3.4099998474121094, 0.09000015258789062], [3.3959999084472656, 0.059999942779541016], [0.039999961853027344, 3.3000001907348633], [0.18000006675720215, 0.059999942779541016], [3.3400001525878906, 0.019999980926513672], [0.03900003433227539, 3.1710000038146973], [0.039999961853027344, 0.009000062942504883], [0.9599997997283936, 0.040000200271606445], [3.309000015258789, 0.019999980926513672], [0.009999990463256836, 0.22099995613098145], [3.450000047683716, 0.009999990463256836], [3.3289999961853027, 0.06099987030029297], [3.4690001010894775, 0.04999995231628418], [3.240000009536743, 0.04900002479553223], [3.6089999675750732, 0.039999961853027344], [3.2290000915527344, 0.04999995231628418], [0.039999961853027344, 0.24000000953674316], [3.4589998722076416, 0.019999980926513672], [0.039999961853027344, 3.4700000286102295], [3.5200002193450928, 0.019999980926513672], [3.369999885559082, 0.09999990463256836], [3.179999828338623, 0.04999995231628418], [0.029999971389770508, 0.15999984741210938], [3.4099998474121094, 0.040000200271606445], [3.370000123977661, 0.019999980926513672], [0.029999971389770508, 0.18000006675720215], [3.620000123977661, 1.9099998474121094], [3.3980000019073486, 0.2799999713897705], [3.440000057220459, 0.04999995231628418], [3.4699997901916504, 0.16000008583068848], [0.039999961853027344, 3.2799999713897705], [0.039999961853027344, 3.2699999809265137]]
Overhead: Avg of time interval is 1.460579
Non-overhead: time intervals are [[3.56000018119812, 0.009999990463256836], [3.2800002098083496, 0.1099998950958252], [3.3899998664855957, 0.051000118255615234], [3.559999942779541, 0.01900005340576172], [3.3960001468658447, 0.059999942779541016], [3.4100000858306885, 0.009999990463256836], [0.039999961853027344, 0.019999980926513672]]
Non-overhead: Avg of time interval is 1.494000
!!!!!!!!!!!!!!!!!!!!!!!!!!!!!!!
Running up HTC low 4 ...
TCP ReTx happens 4 times
TCP Fast ReTx happens 4 times
Overhead ratio is 47.000000 / 47.000000 = 1.000000
Overhead: time intervals are: [[0.039999961853027344, 0.08000016212463379], [3.309999942779541, 0.06999993324279785], [0.039999961853027344, 3.2100000381469727], [0.04999995231628418, 0.020000219345092773], [0.039999961853027344, 3.6500000953674316], [0.07999992370605469, 0.039999961853027344], [3.809999942779541, 0.08000016212463379], [0.04999995231628418, 3.5299999713897705], [3.496999979019165, 0.03299999237060547], [0.039999961853027344, 3.509999990463257], [0.039999961853027344, 3.5199999809265137], [0.04699993133544922, 3.580000162124634], [0.04999995231628418, 3.509999990463257], [0.01900005340576172, 0.010999917984008789], [0.039999961853027344, 0.07999992370605469], [0.039999961853027344, 3.5900001525878906], [0.07999992370605469, 0.040000200271606445], [0.07999992370605469, 0.039999961853027344], [0.04999995231628418, 3.2799999713897705], [0.2669999599456787, 0.013000011444091797], [0.037000179290771484, 3.4629998207092285], [0.039999961853027344, 3.549999952316284], [3.4469997882843018, 0.05300021171569824], [3.4000000953674316, 0.1099998950958252], [0.039999961853027344, 3.569999933242798], [3.690000057220459, 0.039999961853027344], [3.4699997901916504, 0.06000018119812012], [0.039999961853027344, 3.5500001907348633], [3.430000066757202, 0.1400001049041748], [0.07899999618530273, 0.0410001277923584], [0.11899995803833008, 0.039999961853027344], [0.1399998664855957, 3.390000104904175], [3.309999942779541, 0.05900001525878906], [0.039999961853027344, 3.609999895095825], [0.04999995231628418, 3.4800000190734863], [3.177999973297119, 0.16200017929077148], [0.009999990463256836, 0.09000015258789062], [3.1780002117156982, 0.04999995231628418], [0.039999961853027344, 3.2899999618530273], [0.05000019073486328, 0.04999995231628418], [0.03899979591369629, 3.5840001106262207], [0.05000019073486328, 3.4709999561309814], [0.01900005340576172, 0.039999961853027344], [0.039999961853027344, 3.580000162124634], [3.5899999141693115, 0.009999990463256836], [3.8500001430511475, 0.009999990463256836], [0.12000012397766113, 0.06999993324279785]]
Overhead: Avg of time interval is 1.261872
Non-overhead: time intervals are []
Non-overhead: Avg of time interval is 0.000000
!!!!!!!!!!!!!!!!!!!!!!!!!!!!!!!
Running up HTC low 4.5 ...
TCP ReTx happens 2 times
TCP Fast ReTx happens 2 times
Overhead ratio is 115.000000 / 116.000000 = 0.991379
Overhead: time intervals are: [[0.039999961853027344, 3.2700002193450928], [0.04999995231628418, 0.009999990463256836], [3.3500001430511475, 0.039999961853027344], [3.549999952316284, 0.06999993324279785], [0.03899979591369629, 0.040000200271606445], [3.3299999237060547, 0.040000200271606445], [0.04999995231628418, 0.09000015258789062], [3.4700000286102295, 0.20000004768371582], [0.059999942779541016, 0.039999961853027344], [3.490000009536743, 0.06999993324279785], [3.4800000190734863, 0.06999993324279785], [3.629999876022339, 0.020000219345092773], [3.490000009536743, 0.05000019073486328], [3.429999828338623, 0.03000020980834961], [3.379999876022339, 0.059999942779541016], [3.299999952316284, 0.06000018119812012], [3.320000171661377, 0.21000003814697266], [3.359999895095825, 0.059999942779541016], [3.4200000762939453, 0.009999990463256836], [3.5269999504089355, 0.029999971389770508], [3.18999981880188, 0.06000018119812012], [0.039999961853027344, 3.200000047683716], [3.4000000953674316, 0.06999993324279785], [3.509999990463257, 0.059999942779541016], [0.04999995231628418, 3.549999952316284], [0.039999961853027344, 0.039999961853027344], [0.040000200271606445, 3.5799999237060547], [3.369999885559082, 0.08000016212463379], [3.3399999141693115, 0.08999991416931152], [3.490000009536743, 0.039999961853027344], [3.5199999809265137, 0.08000016212463379], [3.2799999713897705, 0.019999980926513672], [0.029999971389770508, 0.18000006675720215], [3.4200000762939453, 0.08999991416931152], [3.180000066757202, 0.08999991416931152], [0.009999990463256836, 0.1399998664855957], [0.040000200271606445, 3.3399999141693115], [0.05000019073486328, 0.06999993324279785], [3.4700000286102295, 0.07999992370605469], [3.2899999618530273, 0.09000015258789062], [3.2300000190734863, 0.20999979972839355], [3.501000165939331, 0.07899999618530273], [3.4089999198913574, 0.009999990463256836], [0.039999961853027344, 3.5490000247955322], [0.029000043869018555, 1.5299999713897705], [3.130999803543091, 0.09900021553039551], [3.3499999046325684, 0.13000011444091797], [3.3910000324249268, 0.11899995803833008], [0.03900003433227539, 3.299999952316284], [0.11999988555908203, 0.059999942779541016], [3.2100000381469727, 0.08000016212463379], [3.380000114440918, 0.08999991416931152], [3.4800000190734863, 0.06999993324279785], [3.380000114440918, 0.009999990463256836], [3.3899998664855957, 0.040000200271606445], [0.08000016212463379, 0.03900003433227539], [0.12000012397766113, 0.039999961853027344], [0.05000019073486328, 3.4499998092651367], [3.5199999809265137, 0.029999971389770508], [0.07999992370605469, 0.039999961853027344], [0.11899995803833008, 0.040000200271606445], [3.259999990463257, 0.01100015640258789], [0.05099987983703613, 0.1789999008178711], [3.5299999713897705, 0.06999993324279785], [3.4700000286102295, 0.12999987602233887], [3.490000009536743, 0.07999992370605469], [3.5, 0.059999942779541016], [3.309999942779541, 0.20000004768371582], [0.07999992370605469, 0.040000200271606445], [3.319999933242798, 0.09000015258789062], [3.2709999084472656, 0.05900001525878906], [3.3610000610351562, 0.13000011444091797], [3.190000057220459, 0.04999995231628418], [0.07000017166137695, 0.08999991416931152], [4.119999885559082, 0.08999991416931152], [3.507999897003174, 0.009999990463256836], [3.559999942779541, 0.039999961853027344], [3.309000015258789, 0.1099998950958252], [0.05000019073486328, 0.039999961853027344], [3.1999998092651367, 0.08000016212463379], [0.059999942779541016, 0.2200000286102295], [3.320000171661377, 0.07999992370605469], [0.05000019073486328, 3.2200000286102295], [0.009999990463256836, 0.039999961853027344], [3.450000047683716, 0.059999942779541016], [3.259999990463257, 0.12000012397766113], [0.009999990463256836, 0.11999988555908203], [3.430000066757202, 0.04999995231628418], [0.039999961853027344, 3.240000009536743], [3.2899999618530273, 0.07999992370605469], [3.369999885559082, 0.10300016403198242], [3.569999933242798, 0.06999993324279785], [3.369999885559082, 0.019999980926513672], [3.369999885559082, 0.07999992370605469], [3.2699999809265137, 0.07999992370605469], [3.190000057220459, 0.08999991416931152], [0.040000200271606445, 0.09999990463256836], [3.390000104904175, 0.08999991416931152], [3.5180001258850098, 0.009999990463256836], [0.039999961853027344, 0.07999992370605469], [0.040000200271606445, 0.039999961853027344], [3.0799999237060547, 0.2200000286102295], [3.1700000762939453, 0.10899996757507324], [3.440000057220459, 0.009999990463256836], [3.449000120162964, 0.04999995231628418], [3.419999837875366, 0.06000018119812012], [0.039999961853027344, 0.1099998950958252], [0.039999961853027344, 3.609999895095825], [3.5280001163482666, 0.039999961853027344], [3.330000162124634, 0.06999993324279785], [0.029999971389770508, 0.09000015258789062], [0.08000016212463379, 0.039999961853027344], [0.07999992370605469, 0.039999961853027344], [0.040000200271606445, 3.5399999618530273], [3.419999837875366, 0.23000001907348633]]
Overhead: Avg of time interval is 1.333330
Non-overhead: time intervals are [[0.04999995231628418, 0.059999942779541016]]
Non-overhead: Avg of time interval is 0.055000
!!!!!!!!!!!!!!!!!!!!!!!!!!!!!!!
Running up HTC low 5 ...
TCP ReTx happens 0 times
TCP Fast ReTx happens 0 times
Overhead ratio is 89.000000 / 89.000000 = 1.000000
Overhead: time intervals are: [[3.4189999103546143, 0.12000012397766113], [0.07899999618530273, 0.040000200271606445], [3.299999952316284, 0.26999998092651367], [3.240000009536743, 0.019999980926513672], [3.379999876022339, 0.06999993324279785], [3.128999948501587, 0.029999971389770508], [0.07999992370605469, 0.039999961853027344], [0.07999992370605469, 0.08000016212463379], [3.4700000286102295, 0.019999980926513672], [3.380000114440918, 0.06999993324279785], [3.4000000953674316, 0.039999961853027344], [3.3500001430511475, 0.039999961853027344], [0.5799999237060547, 0.07999992370605469], [0.07799983024597168, 0.040000200271606445], [3.4100000858306885, 0.14999985694885254], [3.5799999237060547, 0.03000020980834961], [3.5199999809265137, 0.059999942779541016], [3.0999999046325684, 0.039999961853027344], [0.019999980926513672, 0.19000005722045898], [3.240000009536743, 0.2999999523162842], [3.259999990463257, 0.06000018119812012], [0.019999980926513672, 0.2999999523162842], [0.08000016212463379, 0.07999992370605469], [3.429999828338623, 0.05000019073486328], [3.4000000953674316, 0.039999961853027344], [0.12000012397766113, 0.039999961853027344], [3.3600001335144043, 0.14999985694885254], [3.319999933242798, 0.07999992370605469], [0.03000020980834961, 0.12999987602233887], [3.2899999618530273, 0.019999980926513672], [3.450000047683716, 0.04999995231628418], [0.039999961853027344, 0.07999992370605469], [3.320000171661377, 0.26999998092651367], [0.07800006866455078, 0.07999992370605469], [3.380000114440918, 0.039999961853027344], [0.039999961853027344, 0.07999992370605469], [3.3299999237060547, 0.07999992370605469], [3.1399998664855957, 0.06999993324279785], [0.04999995231628418, 0.28999996185302734], [3.486999988555908, 0.10000014305114746], [0.039999961853027344, 0.07999992370605469], [0.039999961853027344, 3.3399999141693115], [0.07000017166137695, 0.039999961853027344], [0.11999988555908203, 1.5199999809265137], [0.039999961853027344, 3.43999981880188], [0.04999995231628418, 0.029999971389770508], [3.119999885559082, 0.1100001335144043], [0.009999990463256836, 0.2999999523162842], [3.490000009536743, 0.009999990463256836], [3.3399999141693115, 0.07999992370605469], [0.040000200271606445, 0.009999990463256836], [0.039999961853027344, 3.4800000190734863], [3.4800000190734863, 0.039999961853027344], [0.07899999618530273, 0.039999961853027344], [3.2799999713897705, 0.04999995231628418], [0.009999990463256836, 0.20000004768371582], [3.2200000286102295, 0.11999988555908203], [3.2200000286102295, 0.28999996185302734], [0.039999961853027344, 3.5399999618530273], [3.1600000858306885, 0.1099998950958252], [3.429999828338623, 0.009999990463256836], [3.4600000381469727, 0.1099998950958252], [4.9079999923706055, 0.039999961853027344], [3.4800000190734863, 0.09999990463256836], [0.07999992370605469, 0.039999961853027344], [3.43999981880188, 0.13000011444091797], [3.390000104904175, 0.029999971389770508], [3.129999876022339, 0.18000006675720215], [3.129999876022339, 0.09000015258789062], [0.009999990463256836, 0.039999961853027344], [3.4200000762939453, 0.039999961853027344], [3.509999990463257, 0.06999993324279785], [3.5399999618530273, 0.009999990463256836], [0.07999992370605469, 0.039999961853027344], [0.07999992370605469, 0.039999961853027344], [0.04999995231628418, 3.5299999713897705], [0.12000012397766113, 0.039999961853027344], [0.23000001907348633, 3.9749999046325684], [3.4000000953674316, 0.21000003814697266], [3.3899998664855957, 0.04999995231628418], [0.039999961853027344, 3.299999952316284], [3.4200000762939453, 0.12000012397766113], [0.039999961853027344, 0.11999988555908203], [3.4790000915527344, 0.1099998950958252], [0.08000016212463379, 0.039999961853027344], [0.039999961853027344, 0.12000012397766113], [0.12100005149841309, 0.04900002479553223], [3.240000009536743, 0.039999961853027344], [0.039999961853027344, 0.2539999485015869]]
Overhead: Avg of time interval is 1.155646
Non-overhead: time intervals are []
Non-overhead: Avg of time interval is 0.000000
