!!!!!!!!!!!!!!!!!!!!!!!!!!!!!!!
Running up HTC high 3 ...
TCP ReTx happens 89 times
TCP Fast ReTx happens 7 times
Overhead ratio is 20.000000 / 43.000000 = 0.465116
Overhead: time intervals are: [[4.060999870300293, 0.029000043869018555, 0.019999980926513672], [0.039999961853027344, 0.2200000286102295, 0.029999971389770508], [4.139999866485596, 0.1100001335144043, 0.029999971389770508], [3.140000104904175, 0.039999961853027344, 0.029999971389770508], [4.1000001430511475, 0.039999961853027344, 0.04999995231628418], [0.039999961853027344, 2.5399999618530273, 0.04999995231628418], [4.579999923706055, 0.009999990463256836, 0.019999980926513672], [4.145999908447266, 0.07000017166137695, 0.039999961853027344], [0.04999995231628418, 0.019999980926513672, 0.10000014305114746], [3.609999895095825, 0.051000118255615234, 0.08999991416931152], [3.25, 0.0410001277923584, 0.01900005340576172], [3.9049999713897705, 0.07999992370605469, 0.07000017166137695], [0.04999995231628418, 0.08999991416931152, 1.6440000534057617], [0.2799999713897705, 3.240000009536743, 0.019999980926513672], [0.009999990463256836, 0.04999995231628418, 0.04999995231628418], [0.009999990463256836, 0.059999942779541016, 0.1400001049041748], [0.26999998092651367, 3.490000009536743, 0.10000014305114746], [0.013000011444091797, 0.019999980926513672, 0.04699993133544922], [0.039999961853027344, 3.2300000190734863, 0.039999961853027344], [0.059999942779541016, 0.019999980926513672, 0.009999990463256836]]
Overhead: Avg of time interval is 0.864100
Non-overhead: time intervals are [[0.039999961853027344, 3.8600001335144043, 0.039999961853027344], [0.029999971389770508, 0.009999990463256836, 0.09000015258789062], [0.04999995231628418, 0.24000000953674316, 2.753999948501587], [0.029999971389770508, 0.029999971389770508, 0.12000012397766113], [0.051000118255615234, 0.006999969482421875, 0.19000005722045898], [0.26999998092651367, 3.490999937057495, 0.07999992370605469], [0.15799999237060547, 0.2999999523162842, 4.642000198364258], [0.04800009727478027, 0.009999990463256836, 0.23199987411499023], [0.04799985885620117, 0.012000083923339844, 0.05799984931945801], [4.0920000076293945, 0.14999985694885254, 0.04999995231628418], [0.007999897003173828, 0.009999990463256836, 0.05200004577636719], [3.2300000190734863, 0.019999980926513672, 0.10000014305114746], [0.18000006675720215, 0.2999999523162842, 4.166000127792358], [0.06999993324279785, 0.2999999523162842, 4.3440001010894775], [0.039999961853027344, 3.879999876022339, 0.009999990463256836], [0.039999961853027344, 0.009999990463256836, 0.1700000762939453], [3.130000114440918, 0.009999990463256836, 0.019999980926513672], [0.009999990463256836, 0.010000228881835938, 0.19999980926513672], [0.039999961853027344, 0.019999980926513672, 0.019999980926513672], [4.069999933242798, 0.039999961853027344, 0.020000219345092773], [3.0799999237060547, 0.2200000286102295, 0.029999971389770508], [4.104999780654907, 0.03000020980834961, 0.06999993324279785], [3.940000057220459, 0.06099987030029297, 0.08000016212463379]]
Non-overhead: Avg of time interval is 0.830710
!!!!!!!!!!!!!!!!!!!!!!!!!!!!!!!
Running up HTC high 3.5 ...
TCP ReTx happens 32 times
TCP Fast ReTx happens 4 times
Overhead ratio is 98.000000 / 143.000000 = 0.685315
Overhead: time intervals are: [[3.3399999141693115, 0.019999980926513672, 0.05000019073486328], [3.2699999809265137, 0.009999990463256836, 0.039999961853027344], [3.369999885559082, 0.09000015258789062, 0.029999971389770508], [0.039999961853027344, 3.2300000190734863, 0.04999995231628418], [3.5999999046325684, 0.009999990463256836, 0.020000219345092773], [3.4799997806549072, 0.07000017166137695, 0.009999990463256836], [3.297999858856201, 0.019999980926513672, 0.05000019073486328], [3.56000018119812, 0.059999942779541016, 0.039999961853027344], [3.5389997959136963, 0.051000118255615234, 0.01900005340576172], [3.5399999618530273, 0.019999980926513672, 0.040000200271606445], [3.5299999713897705, 0.10000014305114746, 1.440000057220459], [3.6000001430511475, 0.019999980926513672, 0.029999971389770508], [3.5290000438690186, 0.04999995231628418, 0.020000219345092773], [3.490000009536743, 0.059999942779541016, 0.07000017166137695], [3.5400002002716064, 0.04999995231628418, 0.009999990463256836], [3.5299999713897705, 0.07999992370605469, 0.059999942779541016], [3.379999876022339, 0.04999995231628418, 0.009999990463256836], [3.5799999237060547, 0.09500002861022949, 1.3410000801086426], [3.4200000762939453, 0.019999980926513672, 0.039999961853027344], [3.5299999713897705, 0.019999980926513672, 0.08999991416931152], [3.259999990463257, 0.039999961853027344, 0.009999990463256836], [3.140000104904175, 0.029999971389770508, 0.009999990463256836], [3.569999933242798, 0.07000017166137695, 0.039999961853027344], [3.440000057220459, 0.04999995231628418, 0.009999990463256836], [3.5, 0.04999995231628418, 0.03000020980834961], [3.3600001335144043, 0.06999993324279785, 0.029999971389770508], [3.5, 0.009999990463256836, 0.12999987602233887], [3.299999952316284, 0.03000020980834961, 0.039999961853027344], [3.549999952316284, 0.009999990463256836, 0.06999993324279785], [0.042999982833862305, 0.2669999599456787, 3.7899999618530273], [3.5399999618530273, 0.06000018119812012, 0.07999992370605469], [3.56000018119812, 0.06999993324279785, 0.019999980926513672], [3.4000000953674316, 0.019999980926513672, 0.04999995231628418], [3.5799999237060547, 0.009999990463256836, 0.019999980926513672], [3.5199999809265137, 0.04999995231628418, 0.06999993324279785], [3.3399999141693115, 0.2999999523162842, 0.019999980926513672], [3.4600000381469727, 0.029999971389770508, 0.05000019073486328], [3.5199999809265137, 0.09999990463256836, 0.04999995231628418], [0.039999961853027344, 3.569999933242798, 0.009999990463256836], [3.5500001907348633, 0.04999995231628418, 0.019999980926513672], [3.509999990463257, 0.009999990463256836, 0.07000017166137695], [3.509999990463257, 0.09999990463256836, 0.059999942779541016], [0.039999961853027344, 3.0900001525878906, 0.059999942779541016], [3.56000018119812, 0.06999993324279785, 0.039999961853027344], [3.5999999046325684, 0.009999990463256836, 0.04999995231628418], [3.5899999141693115, 0.009999990463256836, 0.06000018119812012], [3.4600000381469727, 0.059999942779541016, 0.08000016212463379], [0.039999961853027344, 3.3499999046325684, 0.13000011444091797], [3.6499998569488525, 0.04400014877319336, 0.0], [4.140000104904175, 0.019999980926513672, 0.009999990463256836], [3.370000123977661, 0.009999990463256836, 0.059999942779541016], [0.03000020980834961, 0.09999990463256836, 0.2999999523162842], [0.009999990463256836, 0.04999995231628418, 0.13000011444091797], [0.029999971389770508, 0.039999961853027344, 0.3000001907348633], [3.4099998474121094, 0.040000200271606445, 0.04999995231628418], [0.039999961853027344, 3.240000009536743, 0.029999971389770508], [3.569999933242798, 0.010000228881835938, 0.019999980926513672], [3.5, 0.03000020980834961, 0.059999942779541016], [3.5, 0.009999990463256836, 0.11999988555908203], [3.5199999809265137, 0.019999980926513672, 0.08999991416931152], [3.440000057220459, 0.12999987602233887, 0.04999995231628418], [3.559999942779541, 0.08000016212463379, 0.019999980926513672], [3.569999933242798, 0.019999980926513672, 0.039999961853027344], [3.490000009536743, 0.059999942779541016, 0.08000016212463379], [3.549999952316284, 0.04999995231628418, 0.04999995231628418], [3.5199999809265137, 0.06999993324279785, 0.039999961853027344], [3.5200002193450928, 0.009999990463256836, 0.019999980926513672], [3.5199999809265137, 0.06999993324279785, 0.039999961853027344], [3.6399998664855957, 0.039999961853027344, 0.009999990463256836], [0.039999961853027344, 3.2899999618530273, 0.059999942779541016], [0.039999961853027344, 3.559999942779541, 0.029999971389770508], [3.609999895095825, 0.039999961853027344, 0.029999971389770508], [3.559999942779541, 0.06999993324279785, 0.040000200271606445], [0.040000200271606445, 3.5799999237060547, 0.019999980926513672], [3.549999952316284, 0.059999942779541016, 0.059999942779541016], [3.5500001907348633, 0.009999990463256836, 0.06999993324279785], [3.549999952316284, 0.07000017166137695, 0.059999942779541016], [3.4599997997283936, 0.06000018119812012, 0.07999992370605469], [3.5999999046325684, 0.009999990463256836, 0.06000018119812012], [3.490000009536743, 0.039999961853027344, 0.029999971389770508], [3.5989999771118164, 0.039999961853027344, 0.039999961853027344], [3.2699999809265137, 0.06000018119812012, 0.019999980926513672], [3.559999942779541, 0.029999971389770508, 0.04999995231628418], [3.3500001430511475, 0.019999980926513672, 0.019999980926513672], [3.450000047683716, 0.04999995231628418, 0.040000200271606445], [3.5169999599456787, 0.1100001335144043, 0.04999995231628418], [3.5870001316070557, 0.0839998722076416, 1.4500000476837158], [3.3499999046325684, 0.04999995231628418, 0.009999990463256836], [0.039999961853027344, 3.2899999618530273, 0.06999993324279785], [3.5500001907348633, 0.11999988555908203, 2.0399999618530273], [3.299999952316284, 0.08999991416931152, 0.06999993324279785], [3.580000162124634, 0.06999993324279785, 0.039999961853027344], [3.319999933242798, 0.039999961853027344, 0.09000015258789062], [0.039999961853027344, 3.5399999618530273, 0.059999942779541016], [3.2699999809265137, 0.06999993324279785, 0.1100001335144043], [0.04999995231628418, 3.4600000381469727, 0.1100001335144043], [3.2299997806549072, 0.03000020980834961, 0.051999807357788086], [3.259999990463257, 0.1399998664855957, 0.06000018119812012]]
Overhead: Avg of time interval is 1.180221
Non-overhead: time intervals are [[0.039999961853027344, 3.2100000381469727, 0.039999961853027344], [3.1700000762939453, 0.019999980926513672, 0.06999993324279785], [3.56000018119812, 0.04999995231628418, 0.059999942779541016], [0.009000062942504883, 0.051000118255615234, 0.04900002479553223], [3.4700000286102295, 0.009999990463256836, 0.09999990463256836], [3.4100000858306885, 0.039999961853027344, 0.009999990463256836], [3.2699999809265137, 0.039999961853027344, 0.039999961853027344], [-14396.96700000763, 0.059999942779541016, 0.009999990463256836], [3.5199999809265137, 0.07999992370605469, 0.03000020980834961], [3.509999990463257, 0.11999988555908203, 0.039999961853027344], [3.552000045776367, 0.007999897003173828, 0.0820000171661377], [3.2300000190734863, 0.08000016212463379, 0.04999995231628418], [3.633000135421753, 0.04999995231628418, 0.006999969482421875], [3.4000000953674316, 0.04999995231628418, 0.039999961853027344], [3.25, 0.1100001335144043, 0.04999995231628418], [0.039999961853027344, 3.4800000190734863, 0.07999992370605469], [3.559999942779541, 0.040000200271606445, 0.059999942779541016], [3.5399999618530273, 0.07999992370605469, 0.009999990463256836], [0.059999942779541016, 0.019999980926513672, 0.07000017166137695], [3.240000009536743, 0.04999995231628418, 0.18000006675720215], [3.5299999713897705, 0.039999961853027344, 0.029999971389770508], [3.3399999141693115, 0.019999980926513672, 0.06999993324279785], [3.56000018119812, 0.08999991416931152, 0.039999961853027344], [3.3899998664855957, 0.12000012397766113, 0.04999995231628418], [3.4600000381469727, 0.059999942779541016, 0.009999990463256836], [3.5999999046325684, 0.07000017166137695, 0.029999971389770508], [3.5299999713897705, 0.11100006103515625, 1.7799999713897705], [3.5199999809265137, 0.059999942779541016, 0.039999961853027344], [3.6100001335144043, 0.04999995231628418, 0.009999990463256836], [0.039999961853027344, 3.570000171661377, 0.029999971389770508], [3.506999969482422, 0.059999942779541016, 0.029999971389770508], [3.2799999713897705, 0.1100001335144043, 0.04999995231628418], [0.039999961853027344, 3.2900002002716064, 0.04999995231628418], [3.5, 0.009999990463256836, 0.06999993324279785], [3.4599997997283936, 0.040000200271606445, 0.009999990463256836], [3.180000066757202, 0.04999995231628418, 0.029999971389770508], [3.5199999809265137, 0.06999993324279785, 0.08000016212463379], [3.3500001430511475, 0.029999971389770508, 0.009999990463256836], [3.549999952316284, 0.029999971389770508, 0.09999990463256836], [4.269999980926514, 0.04999995231628418, 0.039999961853027344], [0.009999990463256836, 0.009999990463256836, 0.2799999713897705], [3.4800000190734863, 0.05000019073486328, 0.039999961853027344], [3.5399999618530273, 0.059999942779541016, 0.07000017166137695], [3.3000001907348633, 0.059999942779541016, 0.029999971389770508], [0.039999961853027344, 3.200000047683716, 0.3399999141693115]]
Non-overhead: Avg of time interval is -105.544726
!!!!!!!!!!!!!!!!!!!!!!!!!!!!!!!
Running up HTC high 4 ...
TCP ReTx happens 16 times
TCP Fast ReTx happens 1 times
Overhead ratio is 13.000000 / 16.000000 = 0.812500
Overhead: time intervals are: [[3.253999948501587, 0.006000041961669922, 0.029999971389770508], [3.559999942779541, 0.04999995231628418, 0.010000228881835938], [0.039999961853027344, 3.5399999618530273, 0.07999992370605469], [3.4000000953674316, 0.009999990463256836, 0.14999985694885254], [0.04999995231628418, 3.620000123977661, 0.059999942779541016], [0.039999961853027344, 3.4800000190734863, 0.029999971389770508], [0.040000200271606445, 3.4699997901916504, 0.040000200271606445], [3.302000045776367, 0.07800006866455078, 0.06999993324279785], [3.359999895095825, 0.07800006866455078, 0.07200002670288086], [0.0279998779296875, 0.043000221252441406, 0.010999917984008789], [3.187999963760376, 0.039999961853027344, 0.07000017166137695], [0.03899979591369629, 3.4800000190734863, 0.08000016212463379], [0.039999961853027344, 3.490000009536743, 0.009999990463256836]]
Overhead: Avg of time interval is 1.088179
Non-overhead: time intervals are [[0.07000017166137695, 0.031999826431274414, 0.08800005912780762], [0.019999980926513672, 0.009999990463256836, 0.25], [3.359999895095825, 0.039999961853027344, 0.019999980926513672]]
Non-overhead: Avg of time interval is 0.432222
!!!!!!!!!!!!!!!!!!!!!!!!!!!!!!!
Running up HTC high 4.5 ...
TCP ReTx happens 25 times
TCP Fast ReTx happens 0 times
Overhead ratio is 88.000000 / 100.000000 = 0.880000
Overhead: time intervals are: [[3.509999990463257, 0.06999993324279785, 0.029999971389770508], [3.193000078201294, 0.056999921798706055, 0.009999990463256836], [3.2300000190734863, 0.039999961853027344, 0.08999991416931152], [3.259999990463257, 0.019999980926513672, 0.06000018119812012], [3.259999990463257, 0.08999991416931152, 0.04999995231628418], [3.200000047683716, 0.11999988555908203, 0.08999991416931152], [3.2100000381469727, 0.06999993324279785, 0.06999993324279785], [3.549999952316284, 0.019999980926513672, 0.059999942779541016], [3.4800000190734863, 0.009999990463256836, 0.1700000762939453], [3.4800000190734863, 0.039999961853027344, 0.08999991416931152], [3.180000066757202, 0.019999980926513672, 0.2999999523162842], [3.2900002002716064, 0.03099989891052246, 0.03900003433227539], [3.201000213623047, 0.019999980926513672, 0.039999961853027344], [3.3600001335144043, 0.09999990463256836, 0.10000014305114746], [3.490000009536743, 0.01900005340576172, 0.039999961853027344], [3.2669999599456787, 0.05099987983703613, 0.009000062942504883], [3.189000129699707, 0.06999993324279785, 0.029999971389770508], [3.2699999809265137, 0.00800013542175293, 0.031999826431274414], [3.449000120162964, 0.11999988555908203, 0.05200004577636719], [0.03900003433227539, 3.1110000610351562, 0.11899995803833008], [0.012000083923339844, 0.017999887466430664, 0.2999999523162842], [3.18999981880188, 0.009999990463256836, 0.06000018119812012], [3.430000066757202, 0.07999992370605469, 0.019999980926513672], [3.430000066757202, 0.039999961853027344, 0.029999971389770508], [3.370000123977661, 0.029999971389770508, 0.04999995231628418], [0.039999961853027344, 3.2200000286102295, 0.04999995231628418], [3.18999981880188, 0.07000017166137695, 0.029999971389770508], [3.509999990463257, 0.009999990463256836, 0.04999995231628418], [0.040000200271606445, 3.359999895095825, 0.019999980926513672], [3.1500000953674316, 0.029999971389770508, 0.08999991416931152], [3.5900001525878906, 0.04999995231628418, 0.009999990463256836], [3.5799999237060547, 0.039999961853027344, 0.05000019073486328], [3.3299999237060547, 0.05000019073486328, 0.07999992370605469], [3.559999942779541, 0.08000016212463379, 0.039999961853027344], [3.32099986076355, 0.03900003433227539, 0.029999971389770508], [3.4600000381469727, 0.039999961853027344, 0.0710000991821289], [3.509999990463257, 0.09000015258789062, 0.039999961853027344], [0.009999990463256836, 0.10299992561340332, 4.746999979019165], [0.06999993324279785, 0.019999980926513672, 0.08999991416931152], [0.039999961853027344, 0.020000219345092773, 0.029999971389770508], [3.0900001525878906, 0.09999990463256836, 0.04999995231628418], [0.039999961853027344, 3.200000047683716, 0.039999961853027344], [3.5199999809265137, 0.05000019073486328, 0.009999990463256836], [3.559999942779541, 0.039999961853027344, 0.039999961853027344], [3.5399999618530273, 0.019999980926513672, 0.019999980926513672], [3.490000009536743, 0.059999942779541016, 0.07000017166137695], [3.309999942779541, 0.059999942779541016, 0.029999971389770508], [3.3399999141693115, 0.029999971389770508, 0.029999971389770508], [3.5399999618530273, 0.06999993324279785, 0.019999980926513672], [3.4499998092651367, 0.07000017166137695, 0.08999991416931152], [3.570000171661377, 0.029999971389770508, 0.04999995231628418], [3.320000171661377, 0.06999993324279785, 0.04999995231628418], [3.547999858856201, 0.07000017166137695, 0.039999961853027344], [3.299999952316284, 0.1099998950958252, 0.05000019073486328], [3.312999963760376, 0.08699989318847656, 0.039999961853027344], [3.490000009536743, 0.05000019073486328, 0.019999980926513672], [3.240000009536743, 0.009999990463256836, 0.10000014305114746], [3.2800002098083496, 0.039999961853027344, 0.04999995231628418], [3.2200000286102295, 0.09299993515014648, 0.056999921798706055], [3.4099998474121094, 0.03000020980834961, 0.019999980926513672], [3.4000000953674316, 0.039999961853027344, 0.029999971389770508], [3.3499999046325684, 0.10000014305114746, 0.05299997329711914], [3.4100000858306885, 0.009999990463256836, 0.04999995231628418], [0.039999961853027344, 0.019999980926513672, 0.059999942779541016], [3.309999942779541, 0.07999992370605469, 0.04999995231628418], [3.4099998474121094, 0.019999980926513672, 0.06000018119812012], [3.1999998092651367, 0.07000017166137695, 0.06999993324279785], [3.56000018119812, 0.019999980926513672, 0.04999995231628418], [3.5, 0.08000016212463379, 0.06999993324279785], [3.0799999237060547, 0.10000014305114746, 0.059999942779541016], [3.390000104904175, 0.06999993324279785, 0.029999971389770508], [5.544000148773193, 0.059999942779541016, 0.029999971389770508], [0.019999980926513672, 0.24000000953674316, 8.900000095367432], [0.04999995231628418, 0.06000018119812012, 0.039999961853027344], [3.1700000762939453, 0.06999993324279785, 0.04999995231628418], [0.059999942779541016, 3.4100000858306885, 0.06999993324279785], [3.4000000953674316, 0.06999993324279785, 0.039999961853027344], [3.2200000286102295, 0.039999961853027344, 0.019999980926513672], [3.140000104904175, 0.009999990463256836, 0.1099998950958252], [3.4100000858306885, 0.04999995231628418, 0.07999992370605469], [6.370999813079834, 0.12000012397766113, 0.04999995231628418], [0.1099998950958252, 0.010000228881835938, 0.1099998950958252], [0.04999995231628418, 0.029999971389770508, 0.1100001335144043], [3.3269999027252197, 0.05000019073486328, 0.009999990463256836], [0.059999942779541016, 0.019999980926513672, 0.06999993324279785], [3.4200000762939453, 0.12999987602233887, 0.21000003814697266], [0.009999990463256836, 0.019999980926513672, 0.3399999141693115], [3.31000018119812, 0.019999980926513672, 0.04999995231628418]]
Overhead: Avg of time interval is 1.089962
Non-overhead: time intervals are [[3.3600001335144043, 0.1399998664855957, 0.039999961853027344], [3.2100000381469727, 0.059999942779541016, 0.039999961853027344], [3.240000009536743, 0.059999942779541016, 0.059999942779541016], [0.06999993324279785, 0.039999961853027344, 0.07000017166137695], [3.3899998664855957, 0.009999990463256836, 0.12000012397766113], [3.129999876022339, 0.029999971389770508, 0.06000018119812012], [3.4200000762939453, 0.07999992370605469, 0.04999995231628418], [3.4100000858306885, 0.059999942779541016, 0.029999971389770508], [0.009999990463256836, 0.059999942779541016, 0.019999980926513672], [3.2799999713897705, 0.05000019073486328, 0.029999971389770508], [3.299999952316284, 0.029999971389770508, 0.04999995231628418], [3.5199999809265137, 0.059999942779541016, 0.009999990463256836]]
Non-overhead: Avg of time interval is 0.961111
!!!!!!!!!!!!!!!!!!!!!!!!!!!!!!!
Running up HTC high 5 ...
TCP ReTx happens 5 times
TCP Fast ReTx happens 3 times
Overhead ratio is 70.000000 / 71.000000 = 0.985915
Overhead: time intervals are: [[3.240000009536743, 0.1700000762939453, 0.06999993324279785], [3.4600000381469727, 0.11999988555908203, 0.009999990463256836], [3.56000018119812, 0.04999995231628418, 0.017999887466430664], [3.440000057220459, 0.059999942779541016, 0.07999992370605469], [3.6600000858306885, 0.029999971389770508, 5.509999990463257], [3.200000047683716, 0.01699995994567871, 0.07299995422363281], [3.507999897003174, 0.04999995231628418, 0.009999990463256836], [3.559999942779541, 0.039999961853027344, 0.04999995231628418], [0.039999961853027344, 3.2899999618530273, 0.04999995231628418], [0.037000179290771484, 3.5, 0.039999961853027344], [3.2200000286102295, 0.059999942779541016, 0.039999961853027344], [3.2100000381469727, 0.12100005149841309, 0.04900002479553223], [3.5799999237060547, 0.019999980926513672, 0.08000016212463379], [0.037999868392944336, 0.040000200271606445, 0.039999961853027344], [3.450000047683716, 0.059999942779541016, 0.029999971389770508], [3.31000018119812, 0.059999942779541016, 0.019999980926513672], [3.2300000190734863, 0.10000014305114746, 0.04999995231628418], [3.2699999809265137, 0.1100001335144043, 0.04999995231628418], [3.4100000858306885, 0.019999980926513672, 0.1099998950958252], [3.5199999809265137, 0.08000016212463379, 0.019999980926513672], [3.5999999046325684, 0.009999990463256836, 0.06999993324279785], [3.4200000762939453, 0.04999995231628418, 0.06999993324279785], [3.3400001525878906, 0.04999995231628418, 0.009999990463256836], [3.4200000762939453, 0.029000043869018555, 0.08099985122680664], [3.4799997806549072, 0.07000017166137695, 0.009999990463256836], [3.490000009536743, 0.009999990463256836, 0.07000017166137695], [3.3990001678466797, 0.04999995231628418, 0.006999969482421875], [3.440000057220459, 0.06999993324279785, 0.019999980926513672], [3.440999984741211, 0.03899979591369629, 0.010000228881835938], [3.240000009536743, 0.08799982070922852, 0.05000019073486328], [3.3400001525878906, 0.059999942779541016, 0.029999971389770508], [3.5299999713897705, 0.029999971389770508, 0.04999995231628418], [3.2669999599456787, 0.07999992370605469, 0.05000019073486328], [3.319999933242798, 0.029999971389770508, 0.10000014305114746], [3.25, 0.029999971389770508, 0.039999961853027344], [3.369999885559082, 0.059999942779541016, 0.009999990463256836], [3.3899998664855957, 0.039999961853027344, 0.019999980926513672], [3.182000160217285, 0.07799983024597168, 0.039999961853027344], [3.3899998664855957, 0.059999942779541016, 0.020000219345092773], [3.248000144958496, 0.009999990463256836, 0.06999993324279785], [3.4800000190734863, 0.059999942779541016, 0.009999990463256836], [3.330000162124634, 0.06999993324279785, 0.009999990463256836], [3.380000114440918, 0.059999942779541016, 0.009999990463256836], [3.5299999713897705, 0.04999995231628418, 0.019999980926513672], [3.430000066757202, 0.04999995231628418, 0.009999990463256836], [3.569000005722046, 0.06100010871887207, 0.009999990463256836], [3.4000000953674316, 0.019999980926513672, 0.029999971389770508], [3.5, 0.1099998950958252, 0.009999990463256836], [3.2899999618530273, 0.04999995231628418, 0.059999942779541016], [3.359999895095825, 0.08000016212463379, 0.039999961853027344], [3.2100000381469727, 0.059999942779541016, 0.009999990463256836], [3.309999942779541, 0.059999942779541016, 0.04999995231628418], [3.4000000953674316, 0.04999995231628418, 0.009000062942504883], [3.3500001430511475, 0.07999992370605469, 0.029999971389770508], [3.5, 0.020000219345092773, 0.029999971389770508], [3.259999990463257, 0.07000017166137695, 0.019999980926513672], [3.4099998474121094, 0.09000015258789062, 0.04999995231628418], [0.04999995231628418, 0.019999980926513672, 0.08999991416931152], [3.5399999618530273, 0.040000200271606445, 0.009999990463256836], [3.2300000190734863, 0.029999971389770508, 0.09999990463256836], [0.039999961853027344, 3.5899999141693115, 0.009999990463256836], [3.2800002098083496, 0.06999993324279785, 0.029999971389770508], [0.040000200271606445, 0.039999961853027344, 0.07999992370605469], [3.2199997901916504, 0.1400001049041748, 0.04999995231628418], [3.2199997901916504, 0.009999990463256836, 0.05000019073486328], [0.05099987983703613, 3.449000120162964, 0.07999992370605469], [3.2970001697540283, 0.029999971389770508, 0.09999990463256836], [3.2100000381469727, 0.06999993324279785, 0.039999961853027344], [3.2799999713897705, 0.07999992370605469, 0.019999980926513672], [3.259999990463257, 0.06000018119812012, 0.029999971389770508]]
Overhead: Avg of time interval is 1.137457
Non-overhead: time intervals are [[3.4099998474121094, 0.040000200271606445, 0.009999990463256836]]
Non-overhead: Avg of time interval is 1.153333
!!!!!!!!!!!!!!!!!!!!!!!!!!!!!!!
Running up HTC low 3 ...
TCP ReTx happens 10 times
TCP Fast ReTx happens 0 times
Overhead ratio is 3.000000 / 3.000000 = 1.000000
Overhead: time intervals are: [[0.04900002479553223, 3.2699999809265137, 0.040000200271606445], [3.1700000762939453, 0.12999987602233887, 0.3000001907348633], [3.180000066757202, 0.029999971389770508, 0.18000006675720215]]
Overhead: Avg of time interval is 1.149889
Non-overhead: time intervals are []
Non-overhead: Avg of time interval is 0.000000
!!!!!!!!!!!!!!!!!!!!!!!!!!!!!!!
Running up HTC low 3.5 ...
TCP ReTx happens 8 times
TCP Fast ReTx happens 2 times
Overhead ratio is 111.000000 / 115.000000 = 0.965217
Overhead: time intervals are: [[3.5, 0.059999942779541016, 0.051000118255615234], [0.039999961853027344, 0.08000016212463379, 0.039999961853027344], [3.429999828338623, 0.009999990463256836, 0.039999961853027344], [3.440000057220459, 0.029999971389770508, 0.05000019073486328], [0.039999961853027344, 3.129999876022339, 0.24000000953674316], [0.039999961853027344, 3.1500000953674316, 0.019999980926513672], [3.430000066757202, 0.09999990463256836, 0.06999993324279785], [3.503000020980835, 0.009999990463256836, 0.04999995231628418], [3.4790000915527344, 0.06999993324279785, 0.039999961853027344], [0.039999961853027344, 3.490000009536743, 0.009999990463256836], [3.43999981880188, 0.04999995231628418, 0.010000228881835938], [3.4800000190734863, 0.029999971389770508, 0.07000017166137695], [3.25, 0.3399999141693115, 0.019999980926513672], [0.03600001335144043, 3.299999952316284, 0.009999990463256836], [3.4000000953674316, 0.019999980926513672, 0.039999961853027344], [3.549999952316284, 0.04999995231628418, 0.009999990463256836], [0.8799998760223389, 0.019999980926513672, 0.03000020980834961], [3.299999952316284, 0.12999987602233887, 0.06000018119812012], [3.130000114440918, 0.1099998950958252, 0.09000015258789062], [0.07299995422363281, 3.046999931335449, 0.06999993324279785], [3.490000009536743, 0.039999961853027344, 0.05000019073486328], [3.2669999599456787, 0.020000219345092773, 0.029999971389770508], [0.042999982833862305, 3.25, 0.02700018882751465], [3.447000026702881, 0.03299999237060547, 0.006000041961669922], [0.039999961853027344, 3.430000066757202, 0.029999971389770508], [3.299999952316284, 0.1700000762939453, 0.15999984741210938], [3.4000000953674316, 0.03900003433227539, 0.019999980926513672], [3.56000018119812, 0.009999990463256836, 0.059999942779541016], [3.3899998664855957, 0.03000020980834961, 0.06999993324279785], [3.4090001583099365, 0.059999942779541016, 0.009999990463256836], [3.5119998455047607, 0.03600001335144043, 0.07899999618530273], [3.3999998569488525, 0.059999942779541016, 0.020000219345092773], [0.03900003433227539, 3.0999999046325684, 0.309999942779541], [3.442000150680542, 0.04799985885620117, 0.009999990463256836], [3.3580000400543213, 0.07999992370605469, 0.010000228881835938], [3.4079999923706055, 0.09999990463256836, 0.05000019073486328], [0.039999961853027344, 3.2899999618530273, 0.23000001907348633], [3.4000000953674316, 0.04999995231628418, 0.009999990463256836], [0.039999961853027344, 3.25, 0.12000012397766113], [0.03900003433227539, 3.059999942779541, 0.1100001335144043], [0.039999961853027344, 3.450000047683716, 0.08999991416931152], [3.4000000953674316, 0.009999990463256836, 0.05099987983703613], [3.430000066757202, 0.09999990463256836, 0.039999961853027344], [3.4700000286102295, 0.07999992370605469, 0.06400012969970703], [3.3499999046325684, 0.0710000991821289, 0.10899996757507324], [3.4159998893737793, 0.039999961853027344, 0.009999990463256836], [0.039999961853027344, 3.119999885559082, 0.05000019073486328], [3.370000123977661, 0.1399998664855957, 0.019999980926513672], [3.4700000286102295, 0.039999961853027344, 0.07999992370605469], [3.450000047683716, 0.039999961853027344, 0.10100007057189941], [0.039999961853027344, 3.070000171661377, 0.029999971389770508], [3.569999933242798, 0.059999942779541016, 0.019999980926513672], [0.039999961853027344, 3.0399999618530273, 0.05000019073486328], [3.31000018119812, 0.039999961853027344, 0.009999990463256836], [0.06000018119812012, 3.4589998722076416, 0.0710000991821289], [3.259999990463257, 0.04999995231628418, 0.01900005340576172], [0.059999942779541016, 3.4099998474121094, 0.05900001525878906], [3.5199999809265137, 0.059999942779541016, 0.029999971389770508], [3.4100000858306885, 0.059999942779541016, 0.019999980926513672], [3.4200000762939453, 0.039999961853027344, 0.009999990463256836], [3.1399998664855957, 0.10000014305114746, 0.20000004768371582], [3.259999990463257, 0.009999990463256836, 0.009999990463256836], [0.04999995231628418, 3.6100001335144043, 0.009999990463256836], [3.3399999141693115, 0.04999995231628418, 0.019999980926513672], [3.3999998569488525, 0.05000019073486328, 0.019999980926513672], [3.4600000381469727, 0.12999987602233887, 0.039999961853027344], [3.4000000953674316, 0.08999991416931152, 0.06000018119812012], [0.039999961853027344, 3.4100000858306885, 0.029999971389770508], [3.259999990463257, 0.04999995231628418, 0.010999917984008789], [3.3999998569488525, 0.03600001335144043, 0.024000167846679688], [0.029999971389770508, 0.059999942779541016, 0.2999999523162842], [3.509999990463257, 0.04999995231628418, 0.009999990463256836], [3.380000114440918, 0.009999990463256836, 0.059999942779541016], [3.330000162124634, 0.07999992370605469, 0.039999961853027344], [3.4000000953674316, 0.1399998664855957, 0.059999942779541016], [3.430000066757202, 0.059999942779541016, 0.019999980926513672], [3.4700000286102295, 0.06999993324279785, 0.06000018119812012], [3.3499999046325684, 0.05000019073486328, 0.04999995231628418], [3.4700000286102295, 0.019999980926513672, 0.07000017166137695], [3.169999837875366, 0.05000019073486328, 0.17999982833862305], [3.5, 0.029999971389770508, 0.009999990463256836], [3.6399998664855957, 0.009999990463256836, 0.019999980926513672], [3.3299999237060547, 0.06000018119812012, 0.019999980926513672], [3.4200000762939453, 0.019999980926513672, 0.009999990463256836], [3.4100000858306885, 0.039999961853027344, 0.009999990463256836], [3.5, 0.039999961853027344, 0.040000200271606445], [3.129999876022339, 0.04999995231628418, 0.010000228881835938], [3.4099998474121094, 0.04999995231628418, 0.009999990463256836], [3.3499999046325684, 0.03000020980834961, 0.12999987602233887], [0.039999961853027344, 3.109999895095825, 0.12000012397766113], [3.3959999084472656, 0.059999942779541016, 0.019999980926513672], [0.039999961853027344, 3.3000001907348633, 0.04999995231628418], [3.3400001525878906, 0.019999980926513672, 0.039999961853027344], [0.03900003433227539, 3.1710000038146973, 0.09999990463256836], [0.9599997997283936, 0.040000200271606445, 0.018999814987182617], [3.309000015258789, 0.019999980926513672, 0.039999961853027344], [3.450000047683716, 0.009999990463256836, 0.06999993324279785], [3.3289999961853027, 0.06099987030029297, 0.01900005340576172], [3.4690001010894775, 0.04999995231628418, 0.009999990463256836], [3.240000009536743, 0.04900002479553223, 0.019999980926513672], [3.2290000915527344, 0.04999995231628418, 0.019999980926513672], [3.4589998722076416, 0.019999980926513672, 0.10000014305114746], [0.039999961853027344, 3.4700000286102295, 0.07000017166137695], [3.5200002193450928, 0.019999980926513672, 0.039999961853027344], [3.369999885559082, 0.09999990463256836, 0.040000200271606445], [3.179999828338623, 0.04999995231628418, 0.06000018119812012], [3.4099998474121094, 0.040000200271606445, 0.06999993324279785], [3.370000123977661, 0.019999980926513672, 0.06999993324279785], [3.440000057220459, 0.04999995231628418, 0.029999971389770508], [0.039999961853027344, 3.2799999713897705, 0.31999993324279785], [0.039999961853027344, 3.2699999809265137, 0.019999980926513672]]
Overhead: Avg of time interval is 1.123276
Non-overhead: time intervals are [[3.2800002098083496, 0.1099998950958252, 0.20000004768371582], [3.3899998664855957, 0.051000118255615234, 0.009999990463256836], [3.3960001468658447, 0.059999942779541016, 0.019999980926513672], [3.4100000858306885, 0.009999990463256836, 0.039999961853027344]]
Non-overhead: Avg of time interval is 1.164750
!!!!!!!!!!!!!!!!!!!!!!!!!!!!!!!
Running up HTC low 4 ...
TCP ReTx happens 4 times
TCP Fast ReTx happens 4 times
Overhead ratio is 20.000000 / 20.000000 = 1.000000
Overhead: time intervals are: [[3.309999942779541, 0.06999993324279785, 0.029999971389770508], [0.039999961853027344, 3.2100000381469727, 0.009999990463256836], [3.809999942779541, 0.08000016212463379, 0.019999980926513672], [3.496999979019165, 0.03299999237060547, 0.059999942779541016], [0.039999961853027344, 3.5199999809265137, 0.03000020980834961], [0.04999995231628418, 3.509999990463257, 0.04999995231628418], [0.04999995231628418, 3.2799999713897705, 0.019999980926513672], [0.037000179290771484, 3.4629998207092285, 0.1100001335144043], [0.039999961853027344, 3.549999952316284, 0.019999980926513672], [3.4469997882843018, 0.05300021171569824, 0.059999942779541016], [3.4699997901916504, 0.06000018119812012, 0.029999971389770508], [0.039999961853027344, 3.5500001907348633, 0.039999961853027344], [3.309999942779541, 0.05900001525878906, 0.040000200271606445], [0.039999961853027344, 3.609999895095825, 0.009999990463256836], [0.04999995231628418, 3.4800000190734863, 0.039999961853027344], [3.177999973297119, 0.16200017929077148, 0.037999868392944336], [3.1780002117156982, 0.04999995231628418, 0.019999980926513672], [0.039999961853027344, 3.2899999618530273, 0.11999988555908203], [0.05000019073486328, 3.4709999561309814, 0.029999971389770508], [3.8500001430511475, 0.009999990463256836, 0.1099998950958252]]
Overhead: Avg of time interval is 1.182100
Non-overhead: time intervals are []
Non-overhead: Avg of time interval is 0.000000
!!!!!!!!!!!!!!!!!!!!!!!!!!!!!!!
Running up HTC low 4.5 ...
TCP ReTx happens 2 times
TCP Fast ReTx happens 2 times
Overhead ratio is 69.000000 / 69.000000 = 1.000000
Overhead: time intervals are: [[0.039999961853027344, 3.2700002193450928, 0.15999984741210938], [3.3500001430511475, 0.039999961853027344, 0.019999980926513672], [0.03899979591369629, 0.040000200271606445, 0.039999961853027344], [3.3299999237060547, 0.040000200271606445, 0.08999991416931152], [3.490000009536743, 0.06999993324279785, 0.06999993324279785], [3.629999876022339, 0.020000219345092773, 0.019999980926513672], [3.490000009536743, 0.05000019073486328, 0.04999995231628418], [3.429999828338623, 0.03000020980834961, 0.04999995231628418], [3.379999876022339, 0.059999942779541016, 0.040000200271606445], [3.299999952316284, 0.06000018119812012, 0.009999990463256836], [3.18999981880188, 0.06000018119812012, 0.28999996185302734], [0.039999961853027344, 3.200000047683716, 0.23000001907348633], [3.4000000953674316, 0.06999993324279785, 0.029999971389770508], [0.039999961853027344, 0.039999961853027344, 0.039999961853027344], [3.369999885559082, 0.08000016212463379, 0.039999961853027344], [3.3399999141693115, 0.08999991416931152, 0.039999961853027344], [3.490000009536743, 0.039999961853027344, 0.059999942779541016], [3.2799999713897705, 0.019999980926513672, 0.06999993324279785], [3.4200000762939453, 0.08999991416931152, 0.06999993324279785], [3.180000066757202, 0.08999991416931152, 0.06000018119812012], [0.040000200271606445, 3.3399999141693115, 0.11999988555908203], [3.2899999618530273, 0.09000015258789062, 0.029999971389770508], [3.501000165939331, 0.07899999618530273, 0.029999971389770508], [3.4089999198913574, 0.009999990463256836, 0.2200000286102295], [0.039999961853027344, 3.5490000247955322, 0.05099987983703613], [3.130999803543091, 0.09900021553039551, 0.06999993324279785], [3.3499999046325684, 0.13000011444091797, 0.09999990463256836], [3.3910000324249268, 0.11899995803833008, 0.010999917984008789], [0.03900003433227539, 3.299999952316284, 0.010000228881835938], [3.2100000381469727, 0.08000016212463379, 0.059999942779541016], [3.380000114440918, 0.08999991416931152, 0.019999980926513672], [3.4800000190734863, 0.06999993324279785, 0.07999992370605469], [3.380000114440918, 0.009999990463256836, 0.059999942779541016], [0.05000019073486328, 3.4499998092651367, 0.09000015258789062], [3.5199999809265137, 0.029999971389770508, 0.009999990463256836], [3.259999990463257, 0.01100015640258789, 0.0690000057220459], [3.5299999713897705, 0.06999993324279785, 0.07000017166137695], [3.4700000286102295, 0.12999987602233887, 0.06000018119812012], [3.319999933242798, 0.09000015258789062, 0.019999980926513672], [3.2709999084472656, 0.05900001525878906, 0.019999980926513672], [3.3610000610351562, 0.13000011444091797, 0.008999824523925781], [3.190000057220459, 0.04999995231628418, 0.08999991416931152], [3.507999897003174, 0.009999990463256836, 0.06999993324279785], [3.309000015258789, 0.1099998950958252, 0.07999992370605469], [3.1999998092651367, 0.08000016212463379, 0.019999980926513672], [3.320000171661377, 0.07999992370605469, 0.019999980926513672], [0.05000019073486328, 3.2200000286102295, 0.059999942779541016], [3.450000047683716, 0.059999942779541016, 0.07999992370605469], [3.259999990463257, 0.12000012397766113, 0.04999995231628418], [3.430000066757202, 0.04999995231628418, 0.12999987602233887], [0.039999961853027344, 3.240000009536743, 0.2200000286102295], [3.369999885559082, 0.10300016403198242, 0.01699995994567871], [3.569999933242798, 0.06999993324279785, 0.009999990463256836], [3.369999885559082, 0.019999980926513672, 0.07000017166137695], [3.369999885559082, 0.07999992370605469, 0.03000020980834961], [3.2699999809265137, 0.07999992370605469, 0.009999990463256836], [3.190000057220459, 0.08999991416931152, 0.06999993324279785], [3.390000104904175, 0.08999991416931152, 0.059999942779541016], [3.5180001258850098, 0.009999990463256836, 0.059999942779541016], [0.040000200271606445, 0.039999961853027344, 0.039999961853027344], [3.0799999237060547, 0.2200000286102295, 0.010999917984008789], [3.1700000762939453, 0.10899996757507324, 0.18000006675720215], [3.449000120162964, 0.04999995231628418, 0.019999980926513672], [3.419999837875366, 0.06000018119812012, 0.039999961853027344], [0.039999961853027344, 0.1099998950958252, 0.3000001907348633], [0.039999961853027344, 3.609999895095825, 0.06000018119812012], [3.330000162124634, 0.06999993324279785, 0.07999992370605469], [0.07999992370605469, 0.039999961853027344, 0.039999961853027344], [0.040000200271606445, 3.5399999618530273, 0.04999995231628418]]
Overhead: Avg of time interval is 1.085082
Non-overhead: time intervals are []
Non-overhead: Avg of time interval is 0.000000
!!!!!!!!!!!!!!!!!!!!!!!!!!!!!!!
Running up HTC low 5 ...
TCP ReTx happens 0 times
TCP Fast ReTx happens 0 times
Overhead ratio is 49.000000 / 49.000000 = 1.000000
Overhead: time intervals are: [[3.4189999103546143, 0.12000012397766113, 0.04999995231628418], [3.299999952316284, 0.26999998092651367, 0.009999990463256836], [3.240000009536743, 0.019999980926513672, 0.21000003814697266], [3.379999876022339, 0.06999993324279785, 0.040000200271606445], [3.128999948501587, 0.029999971389770508, 0.20000004768371582], [0.07999992370605469, 0.08000016212463379, 0.1959998607635498], [3.380000114440918, 0.06999993324279785, 0.039999961853027344], [3.4000000953674316, 0.039999961853027344, 0.2200000286102295], [3.3500001430511475, 0.039999961853027344, 0.029999971389770508], [0.5799999237060547, 0.07999992370605469, 0.010000228881835938], [3.0999999046325684, 0.039999961853027344, 0.04999995231628418], [3.259999990463257, 0.06000018119812012, 0.019999980926513672], [0.08000016212463379, 0.07999992370605469, 1.559999942779541], [3.429999828338623, 0.05000019073486328, 0.059999942779541016], [3.4000000953674316, 0.039999961853027344, 0.059999942779541016], [3.3600001335144043, 0.14999985694885254, 0.10000014305114746], [3.319999933242798, 0.07999992370605469, 0.059999942779541016], [3.2899999618530273, 0.019999980926513672, 0.25999999046325684], [3.450000047683716, 0.04999995231628418, 0.029999971389770508], [0.07800006866455078, 0.07999992370605469, 4.569000005722046], [3.380000114440918, 0.039999961853027344, 0.009999990463256836], [3.1399998664855957, 0.06999993324279785, 0.05000019073486328], [0.039999961853027344, 3.3399999141693115, 0.06999993324279785], [0.11999988555908203, 1.5199999809265137, 0.040000200271606445], [0.039999961853027344, 3.43999981880188, 0.08000016212463379], [3.119999885559082, 0.1100001335144043, 0.059999942779541016], [3.490000009536743, 0.009999990463256836, 0.06999993324279785], [3.3399999141693115, 0.07999992370605469, 0.04999995231628418], [0.039999961853027344, 3.4800000190734863, 0.019999980926513672], [3.4800000190734863, 0.039999961853027344, 0.039999961853027344], [0.07899999618530273, 0.039999961853027344, 0.039999961853027344], [3.2799999713897705, 0.04999995231628418, 0.039999961853027344], [3.2200000286102295, 0.11999988555908203, 0.019999980926513672], [0.039999961853027344, 3.5399999618530273, 0.04999995231628418], [3.1600000858306885, 0.1099998950958252, 0.19000005722045898], [3.429999828338623, 0.009999990463256836, 0.010000228881835938], [4.9079999923706055, 0.039999961853027344, 0.019999980926513672], [3.4800000190734863, 0.09999990463256836, 0.04999995231628418], [3.43999981880188, 0.13000011444091797, 0.039999961853027344], [3.390000104904175, 0.029999971389770508, 0.059999942779541016], [3.129999876022339, 0.18000006675720215, 0.19000005722045898], [3.129999876022339, 0.09000015258789062, 0.04999995231628418], [3.5399999618530273, 0.009999990463256836, 0.039999961853027344], [0.07999992370605469, 0.039999961853027344, 0.040000200271606445], [0.04999995231628418, 3.5299999713897705, 0.059999942779541016], [3.3899998664855957, 0.04999995231628418, 0.009999990463256836], [3.4790000915527344, 0.1099998950958252, 0.019999980926513672], [0.039999961853027344, 0.12000012397766113, 4.393999814987183], [3.240000009536743, 0.039999961853027344, 0.029999971389770508]]
Overhead: Avg of time interval is 1.076741
Non-overhead: time intervals are []
Non-overhead: Avg of time interval is 0.000000
