!!!!!!!!!!!!!!!!!!!!!!!!!!!!!!!
Running up S3 high 3 ...
TCP ReTx happens 12 times
TCP Fast ReTx happens 2 times
Overhead ratio is 0.000000 / 0.000000 = 0.000000
Overhead: time intervals are: []
Overhead: Avg of time interval is 0.000000
Non-overhead: time intervals are []
Non-overhead: Avg of time interval is 0.000000
!!!!!!!!!!!!!!!!!!!!!!!!!!!!!!!
Running up S3 high 3.5 ...
TCP ReTx happens 1 times
TCP Fast ReTx happens 1 times
Overhead ratio is 119.000000 / 119.000000 = 1.000000
Overhead: time intervals are: [[0.040000200271606445, 3.2699999809265137, 0.09999990463256836], [3.4600000381469727, 0.009999990463256836, 0.04999995231628418], [0.039999961853027344, 3.2909998893737793, 0.009000062942504883], [3.5399999618530273, 0.04999995231628418, 0.009999990463256836], [3.4700000286102295, 0.029999971389770508, 0.019999980926513672], [3.559999942779541, 0.04999995231628418, 0.029999971389770508], [3.4700000286102295, 0.04999995231628418, 0.06999993324279785], [3.5299999713897705, 0.06999993324279785, 0.039999961853027344], [3.5399999618530273, 0.029999971389770508, 0.04999995231628418], [3.259999990463257, 0.12000012397766113, 0.06999993324279785], [3.4700000286102295, 0.08999991416931152, 0.009999990463256836], [3.2720000743865967, 0.03800010681152344, 0.009999990463256836], [3.4700000286102295, 0.06999993324279785, 0.06999993324279785], [3.4699997901916504, 0.03000020980834961, 0.039999961853027344], [3.429999828338623, 0.05000019073486328, 0.009999990463256836], [0.039999961853027344, 3.2899999618530273, 0.18000006675720215], [3.4800000190734863, 0.04999995231628418, 0.010000228881835938], [3.4000000953674316, 0.059999942779541016, 0.019999980926513672], [0.039999961853027344, 3.2799999713897705, 0.039999961853027344], [3.4110000133514404, 0.04900002479553223, 0.019999980926513672], [3.4099998474121094, 0.12000012397766113, 0.04999995231628418], [3.509999990463257, 0.009999990463256836, 0.05000019073486328], [3.490000009536743, 0.07999992370605469, 0.07000017166137695], [3.4700000286102295, 0.059999942779541016, 0.07000017166137695], [3.56000018119812, 0.039999961853027344, 0.009999990463256836], [0.03899979591369629, 3.390000104904175, 0.059999942779541016], [3.3299999237060547, 0.059999942779541016, 0.019999980926513672], [3.450000047683716, 0.029999971389770508, 0.019999980926513672], [3.4600000381469727, 0.029999971389770508, 0.009999990463256836], [3.4700000286102295, 0.039999961853027344, 0.08999991416931152], [3.320000171661377, 0.11999988555908203, 0.04999995231628418], [3.380000114440918, 0.06999993324279785, 0.009999990463256836], [3.450000047683716, 0.08999991416931152, 0.059999942779541016], [0.040000200271606445, 3.2899999618530273, 0.09999990463256836], [3.559999942779541, 0.04999995231628418, 0.029999971389770508], [3.260000228881836, 0.04999995231628418, 0.029999971389770508], [3.4800000190734863, 0.07000017166137695, 0.039999961853027344], [3.299999952316284, 0.039999961853027344, 0.1700000762939453], [3.43999981880188, 0.08000016212463379, 0.009999990463256836], [3.3500001430511475, 0.039999961853027344, 0.1699998378753662], [3.2899999618530273, 0.12000012397766113, 0.17999982833862305], [3.5, 0.039999961853027344, 0.059999942779541016], [3.4499998092651367, 0.13000011444091797, 0.039999961853027344], [3.2899999618530273, 0.05000019073486328, 0.019999980926513672], [0.039999961853027344, 3.4099998474121094, 0.040000200271606445], [3.496000051498413, 0.019999980926513672, 0.0839998722076416], [3.4600000381469727, 0.07999992370605469, 0.10000014305114746], [0.039999961853027344, 3.06000018119812, 0.039999961853027344], [3.5399999618530273, 0.04999995231628418, 0.019999980926513672], [3.549999952316284, 0.039999961853027344, 0.009999990463256836], [3.4600000381469727, 0.059999942779541016, 0.07999992370605469], [3.429999828338623, 0.12000012397766113, 0.04999995231628418], [3.429999828338623, 0.09000015258789062, 0.06999993324279785], [0.039999961853027344, 3.380000114440918, 0.059999942779541016], [3.309999942779541, 0.06999993324279785, 0.009999990463256836], [3.2909998893737793, 0.07999992370605469, 0.0690000057220459], [3.319999933242798, 0.12999987602233887, 0.03000020980834961], [3.379999876022339, 0.05000019073486328, 0.009999990463256836], [3.18999981880188, 0.05000019073486328, 0.009999990463256836], [1.0500001907348633, 0.019999980926513672, 0.029999971389770508], [0.03699994087219238, 3.25, 0.05000019073486328], [3.486999988555908, 0.05299997329711914, 0.006999969482421875], [3.427000045776367, 0.06999993324279785, 0.019999980926513672], [0.039999961853027344, 3.0369999408721924, 0.040000200271606445], [0.039999961853027344, 3.240000009536743, 0.040000200271606445], [3.3450000286102295, 0.059999942779541016, 0.04999995231628418], [3.450000047683716, 0.009999990463256836, 0.059999942779541016], [0.040000200271606445, 3.4099998474121094, 0.2200000286102295], [3.4000000953674316, 0.026999950408935547, 0.04999995231628418], [3.549999952316284, 0.059999942779541016, 0.020000219345092773], [3.4499998092651367, 0.040000200271606445, 0.039999961853027344], [0.06000018119812012, 3.309999942779541, 0.11999988555908203], [3.259999990463257, 0.039999961853027344, 0.019999980926513672], [3.4200000762939453, 0.1700000762939453, 0.04999995231628418], [3.320000171661377, 0.039999961853027344, 0.019999980926513672], [3.4499998092651367, 0.08000016212463379, 0.06999993324279785], [3.451000213623047, 0.048999786376953125, 0.08000016212463379], [3.3600001335144043, 0.009999990463256836, 0.06999993324279785], [3.2899999618530273, 0.3400001525878906, 0.019999980926513672], [3.509999990463257, 0.039999961853027344, 0.059999942779541016], [3.4100000858306885, 0.06999993324279785, 0.039999961853027344], [3.4000000953674316, 0.04999995231628418, 0.019999980926513672], [3.509999990463257, 0.08999991416931152, 0.040000200271606445], [3.259999990463257, 0.009999990463256836, 0.04999995231628418], [0.059999942779541016, 3.509999990463257, 0.06000018119812012], [3.3500001430511475, 0.019999980926513672, 0.04999995231628418], [0.039999961853027344, 3.4800000190734863, 0.08000016212463379], [3.4499998092651367, 0.05000019073486328, 0.009999990463256836], [3.5399999618530273, 0.009999990463256836, 0.019999980926513672], [3.5299999713897705, 0.10100007057189941, 0.03900003433227539], [3.5, 0.07000017166137695, 0.019999980926513672], [3.3499999046325684, 0.029999971389770508, 0.010000228881835938], [3.259999990463257, 0.059999942779541016, 0.040000200271606445], [0.039999961853027344, 3.509999990463257, 0.08999991416931152], [0.009999990463256836, 0.019999980926513672, 0.23000001907348633], [3.2100000381469727, 0.019999980926513672, 0.032000064849853516], [3.4600000381469727, 0.039999961853027344, 0.009999990463256836], [3.450000047683716, 0.039999961853027344, 0.009999990463256836], [3.4499998092651367, 0.010000228881835938, 0.17999982833862305], [3.430000066757202, 0.1400001049041748, 0.039999961853027344], [0.039999961853027344, 3.200000047683716, 0.04999995231628418], [3.369999885559082, 0.08000016212463379, 0.009999990463256836], [3.4700000286102295, 0.04999995231628418, 0.08000016212463379], [3.440000057220459, 0.059999942779541016, 0.013000011444091797], [3.509999990463257, 0.040000200271606445, 0.059999942779541016], [3.4100000858306885, 0.04999995231628418, 0.019999980926513672], [3.3600001335144043, 0.09999990463256836, 0.029999971389770508], [3.3399999141693115, 0.039999961853027344, 0.03000020980834961], [3.2699999809265137, 0.009999990463256836, 0.04999995231628418], [0.039999961853027344, 3.4000000953674316, 0.23000001907348633], [3.549999952316284, 0.039999961853027344, 0.009999990463256836], [3.180000066757202, 0.059999942779541016, 0.019999980926513672], [3.4800000190734863, 0.06999993324279785, 0.06999993324279785], [3.4600000381469727, 0.009999990463256836, 0.019999980926513672], [3.4099998474121094, 0.03299999237060547, 0.18700003623962402], [3.390000104904175, 0.11999988555908203, 0.04999995231628418], [3.509999990463257, 0.06999993324279785, 0.05300021171569824], [0.039999961853027344, 3.2300000190734863, 0.04999995231628418], [3.559999942779541, 0.020000219345092773, 0.029999971389770508]]
Overhead: Avg of time interval is 1.154109
Non-overhead: time intervals are []
Non-overhead: Avg of time interval is 0.000000
!!!!!!!!!!!!!!!!!!!!!!!!!!!!!!!
Running up S3 high 4 ...
TCP ReTx happens 2 times
TCP Fast ReTx happens 2 times
Overhead ratio is 18.000000 / 18.000000 = 1.000000
Overhead: time intervals are: [[0.039999961853027344, 3.3499999046325684, 0.04999995231628418], [3.5199999809265137, 0.06999993324279785, 0.019999980926513672], [0.039999961853027344, 3.5199999809265137, 0.04999995231628418], [0.039999961853027344, 3.5999999046325684, 0.009999990463256836], [0.039999961853027344, 3.490000009536743, 0.06999993324279785], [0.039999961853027344, 0.07999992370605469, 0.039999961853027344], [3.1399998664855957, 0.13000011444091797, 0.2999999523162842], [0.039999961853027344, 3.4800000190734863, 0.059999942779541016], [0.059999942779541016, 0.039999961853027344, 0.2999999523162842], [3.120000123977661, 0.029999971389770508, 0.019999980926513672], [0.05000019073486328, 3.4799997806549072, 0.05000019073486328], [0.08000016212463379, 0.039999961853027344, 0.039999961853027344], [0.39999985694885254, 0.009999990463256836, 0.25], [0.039999961853027344, 3.450000047683716, 0.04999995231628418], [0.05000019073486328, 3.4499998092651367, 0.009999990463256836], [0.051000118255615234, 0.21899986267089844, 0.26999998092651367], [3.2200000286102295, 0.07999992370605469, 0.25], [4.129999876022339, 0.039999961853027344, 0.009999990463256836]]
Overhead: Avg of time interval is 0.898333
Non-overhead: time intervals are []
Non-overhead: Avg of time interval is 0.000000
!!!!!!!!!!!!!!!!!!!!!!!!!!!!!!!
Running up S3 high 4.5 ...
TCP ReTx happens 2 times
TCP Fast ReTx happens 2 times
Overhead ratio is 95.000000 / 95.000000 = 1.000000
Overhead: time intervals are: [[3.4600000381469727, 0.059999942779541016, 0.08000016212463379], [3.4179999828338623, 0.10000014305114746, 0.06200003623962402], [3.240000009536743, 0.07000017166137695, 0.23999977111816406], [3.450000047683716, 0.039999961853027344, 0.06999993324279785], [0.039999961853027344, 3.2799999713897705, 0.019999980926513672], [3.299999952316284, 0.031999826431274414, 0.010000228881835938], [3.5199999809265137, 0.06999993324279785, 0.039999961853027344], [3.130000114440918, 0.06999993324279785, 0.06999993324279785], [3.506999969482422, 0.03000020980834961, 0.023000001907348633], [3.437000036239624, 0.06000018119812012, 0.039999961853027344], [3.5199999809265137, 0.029999971389770508, 0.020000219345092773], [3.369999885559082, 0.06000018119812012, 0.019999980926513672], [0.0410001277923584, 3.4489998817443848, 0.08000016212463379], [3.31000018119812, 0.04999995231628418, 0.019999980926513672], [3.2300000190734863, 0.09000015258789062, 0.039999961853027344], [3.4099998474121094, 0.15000009536743164, 0.039999961853027344], [3.438000202178955, 0.059999942779541016, 0.021999835968017578], [3.4200000762939453, 0.029999971389770508, 0.029999971389770508], [3.109999895095825, 0.12000012397766113, 0.04999995231628418], [3.4000000953674316, 0.019999980926513672, 0.039999961853027344], [4.419999837875366, 0.1100001335144043, 0.019999980926513672], [0.039999961853027344, 3.259999990463257, 0.029999971389770508], [3.1599998474121094, 0.12000012397766113, 0.04999995231628418], [0.040000200271606445, 3.2899999618530273, 0.06999993324279785], [3.450000047683716, 0.019999980926513672, 0.029999971389770508], [3.327000141143799, 0.06999993324279785, 0.08999991416931152], [3.3999998569488525, 0.059999942779541016, 0.040000200271606445], [3.299999952316284, 0.14899992942810059, 0.051000118255615234], [3.509999990463257, 0.0690000057220459, 0.031000137329101562], [3.319000005722046, 0.10899996757507324, 0.051000118255615234], [3.4579999446868896, 0.05000019073486328, 0.019999980926513672], [3.3589999675750732, 0.059999942779541016, 0.040000200271606445], [3.328000068664551, 0.059999942779541016, 0.09200000762939453], [3.2820000648498535, 0.1380000114440918, 0.04999995231628418], [3.128000020980835, 0.031999826431274414, 0.06000018119812012], [3.0899999141693115, 0.009999990463256836, 0.06800007820129395], [3.419999837875366, 0.00800013542175293, 0.09200000762939453], [0.039999961853027344, 3.2899999618530273, 0.1100001335144043], [3.179999828338623, 0.020000219345092773, 0.08999991416931152], [3.1100001335144043, 0.15999984741210938, 0.04999995231628418], [3.369999885559082, 0.059999942779541016, 0.05000019073486328], [3.5299999713897705, 0.039999961853027344, 0.05000019073486328], [3.1999998092651367, 0.039999961853027344, 0.09000015258789062], [3.259999990463257, 0.1099998950958252, 0.039999961853027344], [3.440000057220459, 0.029999971389770508, 0.06999993324279785], [3.4700000286102295, 0.009999990463256836, 0.039999961853027344], [3.379999876022339, 0.06999993324279785, 0.05000019073486328], [3.359999895095825, 0.059999942779541016, 0.040000200271606445], [3.490000009536743, 0.06999993324279785, 0.06000018119812012], [3.5299999713897705, 0.051000118255615234, 0.05900001525878906], [3.4499998092651367, 0.06000018119812012, 0.04999995231628418], [3.179999828338623, 0.3000001907348633, 0.009999990463256836], [3.190000057220459, 0.12000012397766113, 0.04999995231628418], [3.2699999809265137, 0.12999987602233887, 0.040000200271606445], [3.3399999141693115, 0.1099998950958252, 0.05000019073486328], [3.120000123977661, 0.039999961853027344, 0.09999990463256836], [3.3889999389648438, 0.019999980926513672, 0.06999993324279785], [3.3399999141693115, 0.0710000991821289, 0.008999824523925781], [0.039999961853027344, 0.01900005340576172, 0.11099982261657715], [3.2899999618530273, 0.009999990463256836, 0.04900002479553223], [3.3989999294281006, 0.051000118255615234, 0.0690000057220459], [3.430000066757202, 0.039999961853027344, 0.012000083923339844], [3.3499999046325684, 0.1100001335144043, 0.07999992370605469], [3.5400002002716064, 0.019999980926513672, 0.04999995231628418], [3.5299999713897705, 0.059999942779541016, 0.009999990463256836], [3.430000066757202, 0.039999961853027344, 0.009999990463256836], [3.489000082015991, 0.06100010871887207, 0.028999805450439453], [3.3299999237060547, 0.07999992370605469, 0.04999995231628418], [3.130000114440918, 0.04999995231628418, 0.059999942779541016], [3.5309998989105225, 0.01900005340576172, 0.04999995231628418], [3.4099998474121094, 0.009999990463256836, 0.07000017166137695], [0.039999961853027344, 3.0299999713897705, 0.12000012397766113], [3.190000057220459, 0.019999980926513672, 0.059999942779541016], [3.4100000858306885, 0.07999992370605469, 0.039999961853027344], [0.039999961853027344, 3.2899999618530273, 0.07000017166137695], [3.31000018119812, 0.09999990463256836, 0.020999908447265625], [3.369999885559082, 0.04999995231628418, 0.009999990463256836], [3.4099998474121094, 0.009999990463256836, 0.04200005531311035], [3.130000114440918, 0.059999942779541016, 0.059999942779541016], [3.190000057220459, 0.11999988555908203, 0.04999995231628418], [3.319999933242798, 0.07999992370605469, 0.06999993324279785], [3.3510000705718994, 0.018999814987182617, 0.031000137329101562], [3.2300000190734863, 0.09100008010864258, 0.05900001525878906], [3.240000009536743, 0.13000011444091797, 0.04999995231628418], [3.4700000286102295, 0.059999942779541016, 0.019999980926513672], [3.11899995803833, 0.1400001049041748, 0.09999990463256836], [3.25, 0.0690000057220459, 0.039999961853027344], [3.5999999046325684, 0.059999942779541016, 0.009999990463256836], [3.4800000190734863, 0.029000043869018555, 0.010999917984008789], [3.200000047683716, 0.05900001525878906, 0.029999971389770508], [3.1579999923706055, 0.06999993324279785, 0.06500005722045898], [3.1600000858306885, 0.05900001525878906, 0.019999980926513672], [3.5490000247955322, 0.009999990463256836, 0.0409998893737793], [3.309999942779541, 0.05200004577636719, 0.017999887466430664], [3.4000000953674316, 0.07999992370605469, 0.029999971389770508]]
Overhead: Avg of time interval is 1.142916
Non-overhead: time intervals are []
Non-overhead: Avg of time interval is 0.000000
!!!!!!!!!!!!!!!!!!!!!!!!!!!!!!!
Running up S3 high 5 ...
TCP ReTx happens 4 times
TCP Fast ReTx happens 3 times
Overhead ratio is 67.000000 / 67.000000 = 1.000000
Overhead: time intervals are: [[3.2829999923706055, 0.059999942779541016, 0.18700003623962402], [3.1700000762939453, 0.06699991226196289, 0.07300019264221191], [0.039999961853027344, 0.009999990463256836, 0.1099998950958252], [3.3000001907348633, 0.059999942779541016, 0.019999980926513672], [3.2899999618530273, 0.13000011444091797, 0.04999995231628418], [3.127000093460083, 0.059999942779541016, 0.07999992370605469], [3.3519999980926514, 0.07999992370605469, 0.03800010681152344], [3.3499999046325684, 0.059999942779541016, 0.06000018119812012], [3.309999942779541, 0.07000017166137695, 0.009999990463256836], [0.039999961853027344, 3.490000009536743, 0.04999995231628418], [3.509999990463257, 0.04999995231628418, 0.06999993324279785], [3.379999876022339, 0.059999942779541016, 0.009999990463256836], [0.04999995231628418, 0.019999980926513672, 0.3000001907348633], [3.5759999752044678, 0.05000019073486328, 0.029999971389770508], [3.3999998569488525, 0.009999990463256836, 0.1100001335144043], [3.31000018119812, 0.009999990463256836, 0.18999981880187988], [3.380000114440918, 0.1099998950958252, 0.04999995231628418], [3.1700000762939453, 0.06999993324279785, 0.009999990463256836], [3.2300000190734863, 0.059999942779541016, 0.25], [0.039999961853027344, 3.5279998779296875, 0.06200003623962402], [3.569999933242798, 0.28999996185302734, 0.13100004196166992], [0.03900003433227539, 4.365000009536743, 0.1099998950958252], [3.2300000190734863, 0.12000012397766113, 0.019999980926513672], [3.5400002002716064, 0.009999990463256836, 0.04999995231628418], [3.2699999809265137, 0.04999995231628418, 0.07000017166137695], [3.4100000858306885, 0.039999961853027344, 0.029999971389770508], [3.380000114440918, 0.029999971389770508, 0.009999990463256836], [3.2799999713897705, 0.05000019073486328, 0.019999980926513672], [3.5, 0.029999971389770508, 0.08000016212463379], [3.4200000762939453, 0.019999980926513672, 0.04999995231628418], [3.2100000381469727, 0.07999992370605469, 0.07000017166137695], [3.419999837875366, 0.029999971389770508, 0.05000019073486328], [3.559999942779541, 0.009999990463256836, 0.039999961853027344], [3.2700002193450928, 0.039999961853027344, 0.019999980926513672], [3.25, 0.06000018119812012, 0.029999971389770508], [3.2899999618530273, 0.06000018119812012, 0.059999942779541016], [3.5, 0.009999990463256836, 0.04999995231628418], [3.4000000953674316, 0.1399998664855957, 0.040000200271606445], [0.009999990463256836, 0.03099989891052246, 0.2690000534057617], [3.3500001430511475, 0.029999971389770508, 0.2999999523162842], [3.5169999599456787, 0.009999990463256836, 0.07999992370605469], [3.3500001430511475, 0.06999993324279785, 0.029999971389770508], [3.5300002098083496, 0.08999991416931152, 0.039999961853027344], [3.5299999713897705, 0.059999942779541016, 0.029999971389770508], [3.6700000762939453, 0.039999961853027344, 0.09999990463256836], [3.3989999294281006, 0.019999980926513672, 0.07000017166137695], [3.2699999809265137, 0.08999991416931152, 0.06000018119812012], [0.039999961853027344, 3.3370001316070557, 0.04999995231628418], [3.3499999046325684, 0.12000012397766113, 0.04999995231628418], [3.6070001125335693, 0.059999942779541016, 0.03299999237060547], [3.447000026702881, 0.039999961853027344, 0.09299993515014648], [3.4700000286102295, 0.009999990463256836, 0.039999961853027344], [3.309999942779541, 0.009999990463256836, 0.06000018119812012], [0.040000200271606445, 3.119999885559082, 0.06999993324279785], [3.3949999809265137, 0.05000019073486328, 0.008999824523925781], [0.04799985885620117, 0.010000228881835938, 0.021999835968017578], [3.118000030517578, 0.1099998950958252, 0.039999961853027344], [3.3499999046325684, 0.07999992370605469, 0.040000200271606445], [3.619000196456909, 0.039999961853027344, 0.029999971389770508], [0.02200007438659668, 0.039999961853027344, 0.23000001907348633], [3.4079999923706055, 0.08000016212463379, 0.009999990463256836], [3.6399998664855957, 0.059999942779541016, 0.020000219345092773], [3.3000001907348633, 0.039999961853027344, 0.009999990463256836], [3.5999999046325684, 0.04999995231628418, 0.029999971389770508], [3.5, 0.04999995231628418, 0.05000019073486328], [3.5899999141693115, 0.07000017166137695, 0.019999980926513672], [4.139999866485596, 0.05000019073486328, 0.009999990463256836]]
Overhead: Avg of time interval is 1.096577
Non-overhead: time intervals are []
Non-overhead: Avg of time interval is 0.000000
!!!!!!!!!!!!!!!!!!!!!!!!!!!!!!!
Running up S3 low 3 ...
TCP ReTx happens 4 times
TCP Fast ReTx happens 0 times
Overhead ratio is 0.000000 / 0.000000 = 0.000000
Overhead: time intervals are: []
Overhead: Avg of time interval is 0.000000
Non-overhead: time intervals are []
Non-overhead: Avg of time interval is 0.000000
!!!!!!!!!!!!!!!!!!!!!!!!!!!!!!!
Running up S3 low 3.5 ...
TCP ReTx happens 3 times
TCP Fast ReTx happens 1 times
Overhead ratio is 152.000000 / 152.000000 = 1.000000
Overhead: time intervals are: [[3.429999828338623, 0.040000200271606445, 0.029999971389770508], [3.2200000286102295, 0.1700000762939453, 0.09999990463256836], [3.4600000381469727, 0.019999980926513672, 0.1100001335144043], [0.08099985122680664, 0.03900003433227539, 0.039999961853027344], [3.330000162124634, 0.019999980926513672, 0.1699998378753662], [3.2799999713897705, 0.08999991416931152, 0.1100001335144043], [3.3500001430511475, 0.06999993324279785, 0.039999961853027344], [3.450000047683716, 0.06999993324279785, 0.009999990463256836], [3.490000009536743, 0.07999992370605469, 0.019999980926513672], [3.490000009536743, 0.059999942779541016, 0.019999980926513672], [3.5199999809265137, 0.07999992370605469, 0.009999990463256836], [3.299999952316284, 0.019999980926513672, 0.07000017166137695], [3.4699997901916504, 0.08000016212463379, 0.06999993324279785], [0.039999961853027344, 3.0799999237060547, 0.10000014305114746], [3.509999990463257, 0.07000017166137695, 0.037999868392944336], [3.549999952316284, 0.059999942779541016, 0.009999990463256836], [3.440000057220459, 0.09000015258789062, 0.04999995231628418], [3.359999895095825, 0.13000011444091797, 0.08999991416931152], [3.2700002193450928, 0.06999993324279785, 0.059999942779541016], [3.239000082015991, 0.08999991416931152, 0.07999992370605469], [3.180000066757202, 0.039999961853027344, 0.07000017166137695], [0.06999993324279785, 0.05099987983703613, 0.2390000820159912], [3.140000104904175, 0.15999984741210938, 0.09100008010864258], [0.039999961853027344, 3.2899999618530273, 0.12000012397766113], [3.190000057220459, 0.029999971389770508, 0.09999990463256836], [3.359999895095825, 0.04999995231628418, 0.15000009536743164], [3.259999990463257, 0.059999942779541016, 0.039999961853027344], [0.04999995231628418, 3.2799999713897705, 0.029999971389770508], [3.3510000705718994, 0.0690000057220459, 0.010999917984008789], [3.4010000228881836, 0.0989999771118164, 0.0409998893737793], [3.309999942779541, 0.1100001335144043, 0.07999992370605469], [0.10000014305114746, 0.019999980926513672, 0.09999990463256836], [3.17900013923645, 0.09099984169006348, 0.04700016975402832], [3.2699999809265137, 0.12000012397766113, 0.019999980926513672], [3.3970000743865967, 0.059999942779541016, 0.09000015258789062], [3.3500001430511475, 0.06999993324279785, 0.039999961853027344], [0.059999942779541016, 0.039999961853027344, 0.15000009536743164], [3.2300000190734863, 0.12999987602233887, 0.029999971389770508], [3.369999885559082, 0.029999971389770508, 0.16000008583068848], [3.25, 0.09999990463256836, 0.18000006675720215], [3.369999885559082, 0.059999942779541016, 0.06000018119812012], [3.140000104904175, 0.16000008583068848, 0.04999995231628418], [3.190000057220459, 0.18000006675720215, 0.07999992370605469], [3.190000057220459, 0.09999990463256836, 0.1400001049041748], [3.379999876022339, 0.019999980926513672, 0.1400001049041748], [0.039999961853027344, 3.2799999713897705, 0.009999990463256836], [0.1399998664855957, 0.009999990463256836, 0.03500008583068848], [3.3499999046325684, 0.1100001335144043, 0.019999980926513672], [3.3400001525878906, 0.07999992370605469, 0.029999971389770508], [3.4689998626708984, 0.08999991416931152, 0.06000018119812012], [3.2799999713897705, 0.07999992370605469, 0.09000015258789062], [3.430000066757202, 0.019999980926513672, 0.1099998950958252], [3.190000057220459, 0.059999942779541016, 0.07999992370605469], [3.5200002193450928, 0.059999942779541016, 0.039999961853027344], [3.3519999980926514, 0.007999897003173828, 0.059999942779541016], [3.25, 0.029999971389770508, 0.07999992370605469], [3.299999952316284, 0.08000016212463379, 0.08999991416931152], [3.509999990463257, 0.08999991416931152, 0.039999961853027344], [3.25, 0.009999990463256836, 0.1099998950958252], [3.25, 0.12000012397766113, 0.11999988555908203], [3.129999876022339, 0.19000005722045898, 0.09000015258789062], [0.039999961853027344, 3.2799999713897705, 0.029999971389770508], [3.2300000190734863, 0.029999971389770508, 0.18000006675720215], [3.1600000858306885, 0.1700000762939453, 0.12999987602233887], [3.18999981880188, 0.029999971389770508, 0.08000016212463379], [3.3899998664855957, 0.009999990463256836, 0.09000015258789062], [3.2900002002716064, 0.019999980926513672, 0.09999990463256836], [3.380000114440918, 0.06999993324279785, 0.029999971389770508], [3.3500001430511475, 0.15999984741210938, 0.04999995231628418], [3.4600000381469727, 0.08999991416931152, 0.03099989891052246], [3.259999990463257, 0.10000014305114746, 0.08999991416931152], [3.2899999618530273, 0.1099998950958252, 0.029999971389770508], [3.240000009536743, 0.10000014305114746, 0.12999987602233887], [0.039999961853027344, 3.2699999809265137, 0.00800013542175293], [0.5999999046325684, 0.06999993324279785, 0.13000011444091797], [3.2799999713897705, 0.09000015258789062, 0.009999990463256836], [3.4579999446868896, 0.07999992370605469, 0.019999980926513672], [3.437999963760376, 0.039999961853027344, 0.06999993324279785], [3.319999933242798, 0.13000011444091797, 0.1099998950958252], [0.040000200271606445, 0.08999991416931152, 0.05800008773803711], [3.2380001544952393, 0.2999999523162842, 0.12400007247924805], [0.04800009727478027, 3.2699999809265137, 0.019999980926513672], [3.4700000286102295, 0.07999992370605469, 0.009999990463256836], [3.369999885559082, 0.13000011444091797, 0.059999942779541016], [0.029999971389770508, 0.12000012397766113, 0.09999990463256836], [3.3499999046325684, 0.04999995231628418, 0.13000011444091797], [3.2730000019073486, 0.11699986457824707, 0.07999992370605469], [3.3429999351501465, 0.09800004959106445, 0.10899996757507324], [3.430999994277954, 0.039999961853027344, 0.1099998950958252], [3.380000114440918, 0.059999942779541016, 0.009999990463256836], [3.490000009536743, 0.08999991416931152, 0.051000118255615234], [3.2300000190734863, 0.34999990463256836, 0.009999990463256836], [3.5349998474121094, 0.05000019073486328, 0.009999990463256836], [3.440999984741211, 0.07899999618530273, 0.10100007057189941], [0.7200000286102295, 0.11999988555908203, 0.009999990463256836], [3.2799999713897705, 0.06000018119812012, 0.019999980926513672], [3.5299999713897705, 0.08000016212463379, 0.059999942779541016], [0.20000004768371582, 0.039999961853027344, 0.25], [0.040000200271606445, 3.4499998092651367, 0.09000015258789062], [3.2100000381469727, 0.04999995231628418, 0.019999980926513672], [3.429999828338623, 0.08000016212463379, 0.04999995231628418], [3.259999990463257, 0.07999992370605469, 0.04999995231628418], [3.4700000286102295, 0.009999990463256836, 0.057000160217285156], [3.380000114440918, 0.1099998950958252, 0.16000008583068848], [3.4099998474121094, 0.09000015258789062, 0.039999961853027344], [3.2699999809265137, 0.1940000057220459, 0.006000041961669922], [0.04200005531311035, 3.419999837875366, 0.06800007820129395], [3.440000057220459, 0.06999993324279785, 0.06999993324279785], [3.2839999198913574, 0.07599997520446777, 0.1700000762939453], [3.4149999618530273, 0.09000015258789062, 0.009999990463256836], [3.2699999809265137, 0.07000017166137695, 0.04999995231628418], [0.07000017166137695, 0.029999971389770508, 0.1399998664855957], [3.5299999713897705, 0.07999992370605469, 0.029999971389770508], [0.04999995231628418, 3.450000047683716, 0.08999991416931152], [3.240000009536743, 0.16000008583068848, 0.07999992370605469], [3.3600001335144043, 0.08100008964538574, 0.019999980926513672], [3.570000171661377, 0.029999971389770508, 0.04999995231628418], [0.6200001239776611, 0.009999990463256836, 0.12999987602233887], [3.0399999618530273, 0.029999971389770508, 0.15000009536743164], [3.4100000858306885, 0.059999942779541016, 0.039999961853027344], [3.299999952316284, 0.06000018119812012, 0.09999990463256836], [3.4200000762939453, 0.019999980926513672, 0.12999987602233887], [3.4200000762939453, 0.029999971389770508, 0.04999995231628418], [3.330000162124634, 0.08999991416931152, 0.04999995231628418], [3.1599998474121094, 0.09000015258789062, 0.009999990463256836], [0.039999961853027344, 3.4800000190734863, 0.0710000991821289], [3.5299999713897705, 0.06999993324279785, 1.7850000858306885], [3.25, 0.14999985694885254, 0.07000017166137695], [3.4189999103546143, 0.07000017166137695, 0.07999992370605469], [3.438999891281128, 0.07000017166137695, 0.07999992370605469], [3.5299999713897705, 0.039999961853027344, 0.03900003433227539], [3.559000015258789, 0.0709998607635498, 0.03400015830993652], [3.2799999713897705, 0.10300016403198242, 0.04999995231628418], [3.3989999294281006, 0.1700000762939453, 0.059999942779541016], [3.3600001335144043, 0.019999980926513672, 0.06999993324279785], [3.380000114440918, 0.039999961853027344, 0.029999971389770508], [0.7599999904632568, 0.029999971389770508, 0.04999995231628418], [3.320000171661377, 0.059999942779541016, 0.04999995231628418], [3.5399999618530273, 0.03000020980834961, 0.04999995231628418], [3.380000114440918, 0.08999991416931152, 0.18000006675720215], [3.2699999809265137, 0.059999942779541016, 0.039999961853027344], [3.427000045776367, 0.059999942779541016, 0.039999961853027344], [3.379999876022339, 0.04999995231628418, 0.009999990463256836], [3.419999837875366, 0.059999942779541016, 0.09000015258789062], [0.039999961853027344, 3.1600000858306885, 0.06999993324279785], [3.240000009536743, 0.3399999141693115, 0.039999961853027344], [3.379999876022339, 0.08000016212463379, 0.009999990463256836], [3.4699997901916504, 0.06000018119812012, 0.04999995231628418], [3.359999895095825, 0.019999980926513672, 0.2200000286102295], [3.369999885559082, 0.040000200271606445, 0.1699998378753662], [3.440000057220459, 0.09000015258789062, 0.04999995231628418], [0.039999961853027344, 0.039999961853027344, 0.039999961853027344]]
Overhead: Avg of time interval is 1.073746
Non-overhead: time intervals are []
Non-overhead: Avg of time interval is 0.000000
!!!!!!!!!!!!!!!!!!!!!!!!!!!!!!!
Running up S3 low 4 ...
TCP ReTx happens 0 times
TCP Fast ReTx happens 2 times
Overhead ratio is 41.000000 / 41.000000 = 1.000000
Overhead: time intervals are: [[3.25, 0.1100001335144043, 0.019999980926513672], [0.05000019073486328, 3.3899998664855957, 0.20000004768371582], [3.3399999141693115, 0.019999980926513672, 0.059999942779541016], [0.04999995231628418, 3.5399999618530273, 0.06000018119812012], [0.039999961853027344, 3.450000047683716, 0.04999995231628418], [0.039999961853027344, 3.490000009536743, 0.029999971389770508], [3.2100000381469727, 0.059999942779541016, 0.04999995231628418], [0.048999786376953125, 3.450000047683716, 0.021000146865844727], [0.039999961853027344, 3.4200000762939453, 0.009999990463256836], [3.4800000190734863, 0.04999995231628418, 0.019999980926513672], [3.180000066757202, 0.13000011444091797, 0.039999961853027344], [0.039999961853027344, 3.5500001907348633, 0.07299995422363281], [0.026999950408935547, 3.56000018119812, 0.039999961853027344], [0.039999961853027344, 3.5, 0.12400007247924805], [0.039999961853027344, 3.6000001430511475, 0.059999942779541016], [0.039999961853027344, 3.4670000076293945, 0.039999961853027344], [3.549999952316284, 0.039999961853027344, 0.06999993324279785], [3.4800000190734863, 0.07300019264221191, 0.03699994087219238], [3.5799999237060547, 0.07999992370605469, 0.009999990463256836], [0.039999961853027344, 3.4800000190734863, 0.07999992370605469], [0.039999961853027344, 3.5209999084472656, 0.04900002479553223], [0.039999961853027344, 3.569999933242798, 0.03000020980834961], [0.040000200271606445, 3.429999828338623, 0.13000011444091797], [0.039999961853027344, 3.390000104904175, 0.059999942779541016], [0.04999995231628418, 3.5299999713897705, 0.039999961853027344], [0.039999961853027344, 3.549999952316284, 0.059999942779541016], [0.039999961853027344, 3.4800000190734863, 0.039999961853027344], [0.039999961853027344, 3.31000018119812, 0.029999971389770508], [0.04999995231628418, 3.1000001430511475, 0.019999980926513672], [0.039999961853027344, 3.379999876022339, 0.1100001335144043], [0.040000200271606445, 3.2099997997283936, 0.009999990463256836], [0.039999961853027344, 3.5199999809265137, 0.07000017166137695], [0.039999961853027344, 3.429999828338623, 0.08000016212463379], [0.039999961853027344, 3.4700000286102295, 0.019999980926513672], [3.369999885559082, 0.10000014305114746, 0.04999995231628418], [0.039999961853027344, 3.190000057220459, 0.1699998378753662], [3.5799999237060547, 0.01900005340576172, 0.039999961853027344], [0.039999961853027344, 3.453000068664551, 0.01699995994567871], [3.509999990463257, 0.04999995231628418, 0.009999990463256836], [0.039999961853027344, 3.5999999046325684, 0.039999961853027344], [0.05000019073486328, 3.5999999046325684, 0.039999961853027344]]
Overhead: Avg of time interval is 1.181707
Non-overhead: time intervals are []
Non-overhead: Avg of time interval is 0.000000
!!!!!!!!!!!!!!!!!!!!!!!!!!!!!!!
Running up S3 low 4.5 ...
TCP ReTx happens 3 times
TCP Fast ReTx happens 4 times
Overhead ratio is 76.000000 / 77.000000 = 0.987013
Overhead: time intervals are: [[3.440000057220459, 0.07999992370605469, 0.029999971389770508], [3.2899999618530273, 0.04999995231628418, 0.009999990463256836], [0.04999995231628418, 3.080000162124634, 0.06999993324279785], [3.2300000190734863, 0.1700000762939453, 0.06999993324279785], [3.4700000286102295, 0.019999980926513672, 0.029999971389770508], [3.390000104904175, 0.06999993324279785, 0.04999995231628418], [3.430000066757202, 0.07999992370605469, 0.059999942779541016], [3.5399999618530273, 0.04999995231628418, 0.019999980926513672], [3.440000057220459, 0.029999971389770508, 0.19000005722045898], [3.4200000762939453, 0.0280001163482666, 0.04999995231628418], [0.039999961853027344, 3.4800000190734863, 0.10000014305114746], [3.4800000190734863, 0.06000018119812012, 0.009999990463256836], [3.370000123977661, 0.059999942779541016, 0.04999995231628418], [3.4700000286102295, 0.04999995231628418, 0.009999990463256836], [3.1000001430511475, 0.12999987602233887, 0.039999961853027344], [3.2899999618530273, 0.04999995231628418, 0.059999942779541016], [3.1600000858306885, 0.009999990463256836, 0.23000001907348633], [3.440000057220459, 0.009999990463256836, 0.20000004768371582], [3.200000047683716, 0.059999942779541016, 0.09000015258789062], [3.359999895095825, 0.032000064849853516, 0.05800008773803711], [0.040000200271606445, 3.548999786376953, 0.05800008773803711], [3.320000171661377, 0.009999990463256836, 0.09999990463256836], [0.059999942779541016, 3.2699999809265137, 0.25999999046325684], [3.2360000610351562, 0.07000017166137695, 0.2199997901916504], [3.169999837875366, 0.19000005722045898, 0.2200000286102295], [3.5399999618530273, 0.039999961853027344, 0.010999917984008789], [3.419999837875366, 0.1100001335144043, 0.059999942779541016], [3.559999942779541, 0.009999990463256836, 1.7400000095367432], [3.5299999713897705, 0.059999942779541016, 0.019999980926513672], [3.440000057220459, 0.06999993324279785, 0.019999980926513672], [3.2900002002716064, 0.06999993324279785, 0.06999993324279785], [3.259999990463257, 0.009999990463256836, 0.25], [3.5900001525878906, 0.04999995231628418, 0.019999980926513672], [3.4700000286102295, 0.009999990463256836, 0.08999991416931152], [3.2100000381469727, 0.19000005722045898, 0.17999982833862305], [3.1600000858306885, 0.04999995231628418, 0.039999961853027344], [0.039999961853027344, 3.2300000190734863, 0.04999995231628418], [3.2699999809265137, 0.009999990463256836, 0.2200000286102295], [3.5299999713897705, 0.05000019073486328, 0.07399988174438477], [3.370000123977661, 0.04999995231628418, 0.23000001907348633], [3.25, 0.19000005722045898, 0.13000011444091797], [3.4000000953674316, 0.059999942779541016, 0.07999992370605469], [3.490000009536743, 0.029999971389770508, 0.039999961853027344], [0.039999961853027344, 3.4800000190734863, 0.019999980926513672], [3.1700000762939453, 0.04999995231628418, 0.04999995231628418], [0.040000200271606445, 3.1510000228881836, 0.22899985313415527], [3.1700000762939453, 0.08999991416931152, 0.05000019073486328], [3.3899998664855957, 0.09000015258789062, 0.059999942779541016], [0.039999961853027344, 3.3000001907348633, 0.26999998092651367], [3.4700000286102295, 0.04999995231628418, 0.019999980926513672], [3.369999885559082, 0.04999995231628418, 0.020000219345092773], [0.06999993324279785, 0.03000020980834961, 0.11999988555908203], [3.1599998474121094, 0.059999942779541016, 0.03000020980834961], [3.3899998664855957, 0.06999993324279785, 0.05000019073486328], [3.4200000762939453, 0.06999993324279785, 0.020000219345092773], [3.319000005722046, 0.06000018119812012, 0.18999981880187988], [3.3589999675750732, 0.009999990463256836, 0.2200000286102295], [3.4200000762939453, 0.009999990463256836, 0.029999971389770508], [3.259999990463257, 0.19000005722045898, 0.13000011444091797], [3.4600000381469727, 0.009999990463256836, 0.039999961853027344], [3.490000009536743, 0.05000019073486328, 0.019999980926513672], [3.2900002002716064, 0.07999992370605469, 0.06999993324279785], [3.5, 0.04999995231628418, 0.009999990463256836], [3.370000123977661, 0.059999942779541016, 0.07999992370605469], [3.4690001010894775, 0.04999995231628418, 0.009999990463256836], [3.379000186920166, 0.12999987602233887, 0.0410001277923584], [3.180999994277954, 0.0690000057220459, 0.0410001277923584], [0.03900003433227539, 3.580000162124634, 0.020999908447265625], [0.03899979591369629, 3.2900002002716064, 0.08099985122680664], [3.5, 0.039999961853027344, 0.009999990463256836], [3.3600001335144043, 0.029999971389770508, 0.06999993324279785], [3.1499998569488525, 0.23000001907348633, 0.12000012397766113], [3.1399998664855957, 0.10000014305114746, 0.19999980926513672], [3.1500000953674316, 0.06999993324279785, 0.019999980926513672], [3.5199999809265137, 0.019999980926513672, 0.07000017166137695], [3.4100000858306885, 0.04999995231628418, 0.009999990463256836]]
Overhead: Avg of time interval is 1.159974
Non-overhead: time intervals are [[3.4509999752044678, 0.04800009727478027, 0.019999980926513672]]
Non-overhead: Avg of time interval is 1.173000
!!!!!!!!!!!!!!!!!!!!!!!!!!!!!!!
Running up S3 low 5 ...
TCP ReTx happens 1 times
TCP Fast ReTx happens 3 times
Overhead ratio is 62.000000 / 63.000000 = 0.984127
Overhead: time intervals are: [[3.23799991607666, 0.019999980926513672, 0.059999942779541016], [3.5399999618530273, 0.07999992370605469, 0.03000020980834961], [3.1700000762939453, 0.07999992370605469, 0.2200000286102295], [4.295000076293945, 0.039999961853027344, 0.08999991416931152], [0.039999961853027344, 3.2899999618530273, 0.1789999008178711], [0.04999995231628418, 3.2899999618530273, 0.05900001525878906], [3.199000120162964, 0.1099998950958252, 0.1100001335144043], [3.1600000858306885, 0.08999991416931152, 0.07000017166137695], [3.129999876022339, 0.08100008964538574, 0.08899998664855957], [0.05200004577636719, 3.4579999446868896, 0.10000014305114746], [3.1399998664855957, 0.2200000286102295, 0.07999992370605469], [3.2699999809265137, 0.21000003814697266, 0.09000015258789062], [3.4600000381469727, 0.06999993324279785, 0.040000200271606445], [3.129999876022339, 0.1400001049041748, 0.07999992370605469], [3.190000057220459, 0.04999995231628418, 0.09000015258789062], [3.1599998474121094, 0.1100001335144043, 0.059999942779541016], [0.03800010681152344, 0.12199997901916504, 4.437999963760376], [3.4800000190734863, 0.08999991416931152, 0.06000018119812012], [0.07899999618530273, 4.364000082015991, 0.009999990463256836], [0.0409998893737793, 0.03900003433227539, 0.08000016212463379], [3.1599998474121094, 0.1809999942779541, 0.30900001525878906], [3.2799999713897705, 0.1099998950958252, 0.07000017166137695], [3.2799999713897705, 0.1100001335144043, 0.1699998378753662], [3.429999828338623, 0.07000017166137695, 0.059999942779541016], [3.1700000762939453, 0.06999993324279785, 0.1400001049041748], [0.009999990463256836, 0.11999988555908203, 0.029999971389770508], [3.080000162124634, 0.04999995231628418, 0.06999993324279785], [3.370000123977661, 0.04999995231628418, 0.009999990463256836], [0.039999961853027344, 3.5900001525878906, 0.039999961853027344], [3.4000000953674316, 0.18000006675720215, 0.029999971389770508], [0.07899999618530273, 4.607000112533569, 0.09999990463256836], [3.2899999618530273, 0.15000009536743164, 0.04999995231628418], [3.4200000762939453, 0.11999988555908203, 0.03000020980834961], [3.3499999046325684, 0.019999980926513672, 0.15000009536743164], [3.3889999389648438, 0.16000008583068848, 0.1099998950958252], [3.3000001907348633, 0.029999971389770508, 0.11999988555908203], [3.2699999809265137, 0.10000014305114746, 0.15999984741210938], [3.169999837875366, 0.20000004768371582, 0.18000006675720215], [3.18999981880188, 0.09000015258789062, 0.06999993324279785], [0.16000008583068848, 4.421999931335449, 0.07000017166137695], [3.3500001430511475, 0.04999995231628418, 0.009999990463256836], [3.259999990463257, 0.010000228881835938, 0.08999991416931152], [0.07599997520446777, 4.634000062942505, 0.07999992370605469], [3.4200000762939453, 0.009999990463256836, 0.12000012397766113], [3.549999952316284, 0.040000200271606445, 0.019999980926513672], [3.1389999389648438, 0.2799999713897705, 0.09000015258789062], [3.2300000190734863, 0.10000014305114746, 0.11999988555908203], [3.3499999046325684, 0.04999995231628418, 0.009999990463256836], [0.05099987983703613, 3.069000005722046, 0.3400001525878906], [0.039999961853027344, 3.4700000286102295, 0.06999993324279785], [3.199000120162964, 0.19000005722045898, 0.1099998950958252], [3.490000009536743, 0.019999980926513672, 0.04999995231628418], [3.4060001373291016, 0.029999971389770508, 0.08999991416931152], [3.200000047683716, 0.09999990463256836, 0.06000018119812012], [3.490000009536743, 0.04999995231628418, 0.08000016212463379], [3.369999885559082, 0.07000017166137695, 0.029999971389770508], [3.380000114440918, 0.07999992370605469, 0.029999971389770508], [3.440000057220459, 0.029999971389770508, 0.08999991416931152], [3.1999998092651367, 0.08000016212463379, 0.039999961853027344], [3.4700000286102295, 0.04999995231628418, 0.019999980926513672], [3.319000005722046, 0.019999980926513672, 0.06100010871887207], [3.25, 0.019999980926513672, 0.26999998092651367]]
Overhead: Avg of time interval is 1.161839
Non-overhead: time intervals are [[0.039999961853027344, 0.039999961853027344, 0.08000016212463379]]
Non-overhead: Avg of time interval is 0.053333
