1.00900006294
1.04199981689
0.111999988556
0.967000007629
1.26200008392
0.126999855042
1.05200004578
0.131999969482
0.983000040054
1.00899982452
0.115999937057
1.16700005531
1.14899992943
0.164999961853
1.02600002289
1.15400004387
1.16800022125
0.0599999427795
1.02799987793
1.09399986267
1.0
1.14499998093
0.345999956131
1.10199999809
1.15899991989
0.0119998455048
1.14499998093
0.0230000019073
0.988000154495
1.15499997139
1.01200008392
0.980000019073
1.32099986076
0.986000061035
1.22299981117
1.38700008392
1.132999897
1.3180000782
1.14600014687
1.08199977875
1.06100010872
1.14800000191
1.09000015259
1.02399992943
1.13199996948
0.0110001564026
1.14999985695
1.11000013351
0.989000082016
1.1819999218
1.25900006294
1.13800001144
1.17599987984
0.68799996376
1.24300003052
1.04200005531
0.0239999294281
0.968999862671
0.128000020981
0.978000164032
2.93300008774
1.02799987793
1.07700014114
1.01899981499
1.12800002098
1.03999996185
0.981000185013
1.0150001049
1.18799996376
1.29100012779
0.128000020981
0.99599981308
1.20300006866
1.10400009155
1.10299992561
