0.010000	0.011000
0.020000	0.012000
0.030000	0.023000
0.040000	0.024000
0.050000	0.024000
0.060000	0.060000
0.070000	0.112000
0.080000	0.116000
0.090000	0.116000
0.100000	0.127000
0.110000	0.128000
0.120000	0.128000
0.130000	0.128000
0.140000	0.132000
0.150000	0.165000
0.160000	0.346000
0.170000	0.346000
0.180000	0.688000
0.190000	0.967000
0.200000	0.969000
0.210000	0.969000
0.220000	0.978000
0.230000	0.980000
0.240000	0.981000
0.250000	0.981000
0.260000	0.983000
0.270000	0.986000
0.280000	0.988000
0.290000	0.988000
0.300000	0.989000
0.310000	0.996000
0.320000	1.000000
0.330000	1.000000
0.340000	1.009000
0.350000	1.009000
0.360000	1.012000
0.370000	1.012000
0.380000	1.015000
0.390000	1.019000
0.400000	1.024000
0.410000	1.024000
0.420000	1.026000
0.430000	1.028000
0.440000	1.028000
0.450000	1.028000
0.460000	1.040000
0.470000	1.042000
0.480000	1.042000
0.490000	1.042000
0.500000	1.052000
0.510000	1.061000
0.520000	1.077000
0.530000	1.077000
0.540000	1.082000
0.550000	1.090000
0.560000	1.094000
0.570000	1.094000
0.580000	1.102000
0.590000	1.103000
0.600000	1.104000
0.610000	1.104000
0.620000	1.110000
0.630000	1.128000
0.640000	1.132000
0.650000	1.132000
0.660000	1.133000
0.670000	1.138000
0.680000	1.145000
0.690000	1.145000
0.700000	1.145000
0.710000	1.146000
0.720000	1.148000
0.730000	1.148000
0.740000	1.149000
0.750000	1.150000
0.760000	1.154000
0.770000	1.154000
0.780000	1.155000
0.790000	1.159000
0.800000	1.167000
0.810000	1.167000
0.820000	1.168000
0.830000	1.176000
0.840000	1.182000
0.850000	1.182000
0.860000	1.188000
0.870000	1.203000
0.880000	1.223000
0.890000	1.223000
0.900000	1.243000
0.910000	1.259000
0.920000	1.262000
0.930000	1.262000
0.940000	1.291000
0.950000	1.318000
0.960000	1.321000
0.970000	1.321000
0.980000	1.387000
0.990000	2.933000
1.000000	2.933000
