1.02300000191
0.941999912262
1.32899999619
3.68600010872
1.08999991417
1.02300000191
0.894999980927
1.17299985886
0.951999902725
1.25900006294
1.10500001907
0.976000070572
1.08899998665
0.945999860764
1.03999996185
1.33299994469
0.988999843597
1.10599994659
0.963999986649
1.11599993706
0.983000040054
1.26399993896
0.965000152588
0.985000133514
1.13000011444
1.15499997139
1.19899988174
0.996000051498
1.22999978065
0.993000030518
1.15300011635
1.12900018692
1.05200004578
1.09299993515
1.00300002098
1.12999987602
1.08899998665
0.978999853134
1.06500005722
1.16400003433
1.08599996567
1.30500006676
1.02500009537
0.925999879837
1.18300008774
0.996000051498
1.22299981117
1.28299999237
0.985000133514
1.25300002098
1.03299999237
1.17299985886
1.30399990082
1.1360001564
1.02300000191
1.09599995613
1.04600000381
1.12399983406
1.07299995422
1.23399996758
1.00600004196
1.01999998093
1.01600003242
1.15499997139
1.08899998665
0.942999839783
0.924999952316
1.132999897
1.10599994659
1.04299998283
1.08400011063
1.35000014305
0.93499994278
1.17299985886
1.04899978638
1.15600013733
1.07299995422
1.13199996948
1.06900000572
1.03600001335
1.11600017548
1.08000016212
1.21000003815
1.08300018311
1.14299988747
0.983000040054
0.998999834061
1.10299992561
1.25600004196
1.1850001812
0.935000181198
0.980000019073
1.11600017548
1.01399993896
0.986000061035
0.983000040054
1.23500013351
1.14299988747
1.132999897
1.0529999733
1.10599994659
1.14400005341
1.16899991035
0.958999872208
0.982000112534
1.03600001335
1.132999897
1.03399991989
1.10299992561
1.2349998951
1.2539999485
1.01600003242
0.983000040054
1.15499997139
1.132999897
1.16300010681
1.13199996948
1.31299996376
1.02400016785
1.03500008583
1.04699993134
1.05000019073
0.992999792099
0.921999931335
0.973000049591
1.05500006676
1.08599996567
1.08899998665
1.16300010681
0.986000061035
1.05499982834
1.02500009537
0.952999830246
1.13499999046
1.08200001717
1.36500000954
1.06200003624
1.05599999428
1.08200001717
1.35899996758
1.00300002098
1.03200006485
1.10100007057
1.09299993515
1.2429997921
1.15499997139
0.945000171661
1.13499999046
1.08599996567
1.13499999046
1.20899987221
0.924999952316
1.25300002098
1.15000009537
1.12199997902
1.25300002098
1.49300003052
1.24300003052
1.15300011635
1.10399985313
1.20300006866
1.03499984741
1.00999999046
1.25599980354
1.11500000954
1.12099981308
1.11500000954
1.32899999619
1.03899979591
1.12300014496
1.06299996376
1.08299994469
1.03600001335
1.09599995613
1.01300001144
1.03299999237
1.29299998283
1.03500008583
1.10500001907
1.03600001335
1.00300002098
1.03500008583
1.09299993515
1.16499996185
1.132999897
1.0529999733
1.08500003815
1.38300013542
1.03299999237
1.16299986839
1.14300012589
0.908999919891
1.13300013542
0.93700003624
1.00300002098
1.21299982071
1.19299983978
1.26599979401
1.16299986839
1.25900006294
1.14499998093
1.02300000191
0.946000099182
0.99599981308
0.964999914169
1.08200001717
1.04500007629
1.17700004578
1.132999897
0.999000072479
1.17600011826
