0.010000	0.922000
0.020000	0.925000
0.030000	0.935000
0.040000	0.937000
0.050000	0.943000
0.060000	0.946000
0.070000	0.952000
0.080000	0.959000
0.090000	0.965000
0.100000	0.976000
0.110000	0.980000
0.120000	0.983000
0.130000	0.983000
0.140000	0.985000
0.150000	0.986000
0.160000	0.989000
0.170000	0.993000
0.180000	0.996000
0.190000	0.999000
0.200000	1.003000
0.210000	1.003000
0.220000	1.010000
0.230000	1.014000
0.240000	1.016000
0.250000	1.023000
0.260000	1.023000
0.270000	1.024000
0.280000	1.032000
0.290000	1.033000
0.300000	1.034000
0.310000	1.035000
0.320000	1.035000
0.330000	1.036000
0.340000	1.036000
0.350000	1.040000
0.360000	1.045000
0.370000	1.049000
0.380000	1.052000
0.390000	1.053000
0.400000	1.055000
0.410000	1.062000
0.420000	1.065000
0.430000	1.073000
0.440000	1.080000
0.450000	1.082000
0.460000	1.083000
0.470000	1.085000
0.480000	1.086000
0.490000	1.089000
0.500000	1.089000
0.510000	1.090000
0.520000	1.093000
0.530000	1.096000
0.540000	1.101000
0.550000	1.104000
0.560000	1.105000
0.570000	1.106000
0.580000	1.115000
0.590000	1.116000
0.600000	1.116000
0.610000	1.122000
0.620000	1.124000
0.630000	1.130000
0.640000	1.132000
0.650000	1.133000
0.660000	1.133000
0.670000	1.133000
0.680000	1.135000
0.690000	1.135000
0.700000	1.143000
0.710000	1.143000
0.720000	1.145000
0.730000	1.153000
0.740000	1.155000
0.750000	1.155000
0.760000	1.163000
0.770000	1.163000
0.780000	1.164000
0.790000	1.169000
0.800000	1.173000
0.810000	1.176000
0.820000	1.185000
0.830000	1.199000
0.840000	1.209000
0.850000	1.213000
0.860000	1.230000
0.870000	1.235000
0.880000	1.243000
0.890000	1.253000
0.900000	1.253000
0.910000	1.256000
0.920000	1.259000
0.930000	1.266000
0.940000	1.293000
0.950000	1.305000
0.960000	1.329000
0.970000	1.333000
0.980000	1.359000
0.990000	1.383000
1.000000	3.686000
