0.000000	417.000000	0.000000
40.000000	417.000000	0.000000
3310.000000	417.000000	0.000000
3410.000000	417.000000	0.000000
3460.000000	417.000000	0.000000
3470.000000	417.000000	0.000000
3611.000000	417.000000	0.000000
3203.000000	0.000000	417.000000
3211.000000	0.000000	418.000000
3221.000000	0.000000	419.000000
3233.000000	0.000000	420.000000
3241.000000	0.000000	421.000000
3251.000000	0.000000	422.000000
3263.000000	0.000000	423.000000
3264.666748	0.000000	424.000000
3266.333252	0.000000	425.000000
3268.000000	0.000000	426.000000
3269.666748	0.000000	427.000000
3271.333252	0.000000	428.000000
3273.000000	0.000000	429.000000
3274.666748	0.000000	430.000000
3276.333252	0.000000	431.000000
3278.000000	0.000000	432.000000
3279.666748	0.000000	433.000000
3281.333252	0.000000	434.000000
3283.000000	0.000000	435.000000
3284.666748	0.000000	436.000000
3286.333252	0.000000	437.000000
3288.000000	0.000000	438.000000
3289.666748	0.000000	439.000000
3291.333252	0.000000	440.000000
3293.000000	0.000000	441.000000
3294.666748	0.000000	442.000000
3296.333252	0.000000	443.000000
3298.000000	0.000000	444.000000
3299.666748	0.000000	445.000000
3301.333252	0.000000	446.000000
3303.000000	0.000000	447.000000
3304.666748	0.000000	448.000000
3306.333496	0.000000	449.000000
3308.000000	0.000000	450.000000
3309.666748	0.000000	451.000000
3311.333496	0.000000	452.000000
3313.000000	0.000000	453.000000
3314.666748	0.000000	454.000000
3316.333252	0.000000	455.000000
3318.000000	0.000000	456.000000
3319.666748	0.000000	457.000000
3321.333252	0.000000	458.000000
3323.000000	0.000000	459.000000
3323.769287	0.000000	460.000000
3324.538574	0.000000	461.000000
3325.307617	0.000000	462.000000
3326.076904	0.000000	463.000000
3326.846191	0.000000	464.000000
3327.615479	0.000000	465.000000
3328.384521	0.000000	466.000000
3329.153809	0.000000	467.000000
3329.923096	0.000000	468.000000
3330.692383	0.000000	469.000000
3331.461426	0.000000	470.000000
3332.230713	0.000000	471.000000
3333.000000	0.000000	472.000000
3333.769287	0.000000	473.000000
3334.538574	0.000000	474.000000
3335.307617	0.000000	475.000000
3336.076904	0.000000	476.000000
3336.846191	0.000000	477.000000
3337.615479	0.000000	478.000000
3338.384521	0.000000	479.000000
3339.153809	0.000000	480.000000
3339.923096	0.000000	481.000000
3340.692383	0.000000	482.000000
3341.461426	0.000000	483.000000
3342.230713	0.000000	484.000000
3343.000000	0.000000	485.000000
3343.769287	0.000000	486.000000
3344.538574	0.000000	487.000000
3345.307617	0.000000	488.000000
3346.076904	0.000000	489.000000
3346.846191	0.000000	490.000000
3347.615479	0.000000	491.000000
3348.384521	0.000000	492.000000
3349.153809	0.000000	493.000000
3349.923096	0.000000	494.000000
3350.692383	0.000000	495.000000
3351.461426	0.000000	496.000000
3352.230713	0.000000	497.000000
3353.000000	0.000000	498.000000
3353.769287	0.000000	499.000000
3354.538574	0.000000	500.000000
3355.307617	0.000000	501.000000
3356.076904	0.000000	502.000000
3356.846191	0.000000	503.000000
3357.615479	0.000000	504.000000
3358.384521	0.000000	505.000000
3359.153809	0.000000	506.000000
3359.923096	0.000000	507.000000
3360.692383	0.000000	508.000000
3361.461426	0.000000	509.000000
3362.230713	0.000000	510.000000
3363.000000	0.000000	511.000000
3363.769287	0.000000	512.000000
3364.538574	0.000000	513.000000
3365.307617	0.000000	514.000000
3366.076904	0.000000	515.000000
3366.846191	0.000000	516.000000
3367.615479	0.000000	517.000000
3368.384521	0.000000	518.000000
3369.153809	0.000000	519.000000
3369.923096	0.000000	520.000000
3370.692383	0.000000	521.000000
3371.461426	0.000000	522.000000
3372.230713	0.000000	523.000000
3373.000000	0.000000	524.000000
3373.769287	0.000000	525.000000
3374.538574	0.000000	526.000000
3375.307617	0.000000	527.000000
3376.076904	0.000000	528.000000
3376.846191	0.000000	529.000000
3377.615479	0.000000	530.000000
3378.384521	0.000000	531.000000
3379.153809	0.000000	532.000000
3379.923096	0.000000	533.000000
3380.692383	0.000000	534.000000
3381.461426	0.000000	535.000000
3382.230713	0.000000	536.000000
3383.000000	0.000000	537.000000
3383.625000	0.000000	538.000000
3384.250000	0.000000	539.000000
3384.875000	0.000000	540.000000
3385.500000	0.000000	541.000000
3386.125000	0.000000	542.000000
3386.750000	0.000000	543.000000
3387.375000	0.000000	544.000000
3388.000000	0.000000	545.000000
3388.625000	0.000000	546.000000
3389.250000	0.000000	547.000000
3389.875000	0.000000	548.000000
3390.500000	0.000000	549.000000
3391.125000	0.000000	550.000000
3391.750000	0.000000	551.000000
3392.375000	0.000000	552.000000
3393.000000	0.000000	564.000000
3393.625000	0.000000	565.000000
3394.250000	0.000000	566.000000
3394.875000	0.000000	567.000000
3395.500000	0.000000	568.000000
3396.125000	0.000000	569.000000
3396.750000	0.000000	570.000000
3397.375000	0.000000	571.000000
3398.000000	0.000000	572.000000
3398.625000	0.000000	573.000000
3399.250000	0.000000	574.000000
3399.875000	0.000000	575.000000
3400.500000	0.000000	576.000000
3401.125000	0.000000	577.000000
3401.750000	0.000000	578.000000
3402.375000	0.000000	579.000000
3403.000000	0.000000	591.000000
3403.625000	0.000000	592.000000
3404.250000	0.000000	593.000000
3404.875000	0.000000	594.000000
3405.500000	0.000000	595.000000
3406.125000	0.000000	596.000000
3406.750000	0.000000	597.000000
3407.375000	0.000000	598.000000
3408.000000	0.000000	599.000000
3408.625000	0.000000	600.000000
3409.250000	0.000000	601.000000
3409.875000	0.000000	602.000000
3410.500000	0.000000	603.000000
3411.125000	0.000000	604.000000
3411.750000	0.000000	605.000000
3412.375000	0.000000	606.000000
3413.000000	0.000000	618.000000
3413.625000	0.000000	619.000000
3414.250000	0.000000	620.000000
3414.875000	0.000000	621.000000
3415.500000	0.000000	622.000000
3416.125000	0.000000	623.000000
3416.750000	0.000000	624.000000
3417.375000	0.000000	625.000000
3418.000000	0.000000	626.000000
3418.625000	0.000000	627.000000
3419.250000	0.000000	628.000000
3419.875000	0.000000	629.000000
3420.500000	0.000000	630.000000
3421.125000	0.000000	631.000000
3421.750000	0.000000	632.000000
3422.375000	0.000000	633.000000
3423.000000	0.000000	645.000000
3423.625000	0.000000	646.000000
3424.250000	0.000000	647.000000
3424.875000	0.000000	648.000000
3425.500000	0.000000	649.000000
3426.125000	0.000000	650.000000
3426.750000	0.000000	651.000000
3427.375000	0.000000	652.000000
3428.000000	0.000000	653.000000
3428.625000	0.000000	654.000000
3429.250000	0.000000	655.000000
3429.875000	0.000000	656.000000
3430.500000	0.000000	657.000000
3431.125000	0.000000	658.000000
3431.750000	0.000000	659.000000
3432.375000	0.000000	660.000000
3433.000000	0.000000	672.000000
3444.666748	0.000000	673.000000
3456.333252	0.000000	674.000000
3468.000000	0.000000	675.000000
3479.666748	0.000000	676.000000
3491.333496	0.000000	677.000000
3503.000000	0.000000	678.000000
3514.666748	0.000000	679.000000
3526.333496	0.000000	680.000000
3538.000000	0.000000	681.000000
3549.666748	0.000000	682.000000
3561.333496	0.000000	683.000000
3573.000000	0.000000	683.000000
4413.000000	0.000000	683.000000

