1362350912.300000	-91.000000	2
1362350912.319000	-91.000000	2
1362350912.399000	-93.000000	2
1362350912.479000	-92.000000	2
1362350917.370000	-92.000000	2
1362350917.469000	-92.000000	2
1362350917.489000	-91.000000	2
1362350917.569000	-88.000000	2
1362350917.649000	-87.000000	2
1362350917.729000	-89.000000	2
1362350917.869000	-86.000000	2
1362350917.889000	-86.000000	2
1362350917.969000	-86.000000	2
1362350918.049000	-86.000000	2
1362350918.129000	-86.000000	2
1362350918.269000	-85.000000	2
1362350918.289000	-85.000000	2
1362350918.369000	-85.000000	2
1362350918.449000	-85.000000	2
1362350918.529000	-85.000000	2
1362350918.669000	-84.000000	2
1362350918.689000	-85.000000	2
1362350918.769000	-85.000000	2
1362350918.849000	-86.000000	2
1362350918.929000	-85.000000	2
1362350919.069000	-85.000000	2
1362350919.089000	-86.000000	2
1362350919.169000	-87.000000	2
1362350919.249000	-86.000000	2
1362350919.329000	-86.000000	2
1362350919.469000	-86.000000	2
1362350919.489000	-87.000000	2
1362350919.569000	-86.000000	2
1362350919.649000	-87.000000	2
1362350919.729000	-86.000000	2
1362350933.309000	-86.000000	2
1362350933.339000	-85.000000	2
1362350933.359000	-84.000000	2
1362350933.439000	-85.000000	2
1362350933.519000	-85.000000	2
1362350933.599000	-85.000000	2
1362350933.625000	-85.000000	2
1362350933.705000	-85.000000	2
1362350933.739000	-85.000000	2
1362350933.759000	-85.000000	2
1362350933.839000	-85.000000	2
1362350933.919000	-85.000000	2
1362350933.940000	-85.000000	2
1362350933.945000	-85.000000	2
1362350933.999000	-86.000000	2
1362350934.025000	-86.000000	2
1362350934.105000	-86.000000	2
1362350934.139000	-86.000000	2
1362350934.159000	-86.000000	2
1362350934.239000	-86.000000	2
1362350934.319000	-85.000000	2
1362350934.336000	-85.000000	2
1362350934.339000	-85.000000	2
1362350934.340000	-85.000000	2
1362350934.345000	-85.000000	2
1362350934.399000	-86.000000	2
1362350934.435000	-86.000000	2
1362350934.515000	-86.000000	2
1362350934.539000	-84.000000	2
1362350934.559000	-85.000000	2
1362350934.595000	-85.000000	2
1362350934.639000	-87.000000	2
1362350934.675000	-87.000000	2
1362350934.686000	-87.000000	2
1362350934.689000	-87.000000	2
1362350934.719000	-87.000000	2
1362350934.745000	-87.000000	2
1362350934.799000	-87.000000	2
1362350934.835000	-87.000000	2
1362350934.915000	-87.000000	2
1362350934.939000	-88.000000	2
1362350934.959000	-87.000000	2
1362350934.995000	-87.000000	2
1362350935.039000	-86.000000	2
1362350935.075000	-86.000000	2
1362350935.119000	-86.000000	2
1362350935.165000	-86.000000	2
1362350935.199000	-86.000000	2
1362350935.255000	-86.000000	2
1362350935.339000	-85.000000	2
1362350935.359000	-85.000000	2
1362350935.439000	-86.000000	2
1362350935.519000	-86.000000	2
1362350942.330000	-86.000000	2
1362350942.485000	-86.000000	2
1362350942.675000	-86.000000	2
1362350943.349000	-88.000000	2
1362350943.409000	-87.000000	2
1362350943.489000	-88.000000	2
1362350943.569000	-87.000000	2
1362350943.709000	-88.000000	2
1362350943.729000	-87.000000	2
1362350943.809000	-87.000000	2
1362350943.889000	-87.000000	2
1362350943.969000	-87.000000	2
1362350944.109000	-87.000000	2
1362350944.129000	-87.000000	2
1362350944.209000	-87.000000	2
1362350944.289000	-87.000000	2
1362350944.369000	-87.000000	2
1362350944.509000	-88.000000	2
1362350944.529000	-87.000000	2
1362350944.609000	-87.000000	2
1362350944.689000	-88.000000	2
1362350944.769000	-87.000000	2
1362350944.909000	-88.000000	2
1362350944.929000	-87.000000	2
1362350945.009000	-88.000000	2
1362350945.089000	-87.000000	2
1362350953.949000	-87.000000	2
1362350953.979000	-89.000000	2
1362350953.999000	-89.000000	2
1362350954.079000	-88.000000	2
1362350954.159000	-88.000000	2
1362350954.239000	-89.000000	2
1362350954.245000	-89.000000	2
1362350954.315000	-89.000000	2
1362350954.379000	-89.000000	2
1362350954.395000	-89.000000	2
1362350954.399000	-88.000000	2
1362350954.465000	-88.000000	2
1362350954.479000	-88.000000	2
1362350954.535000	-88.000000	2
1362350954.559000	-89.000000	2
1362350954.605000	-89.000000	2
1362350954.639000	-89.000000	2
1362350954.685000	-89.000000	2
1362350954.765000	-89.000000	2
1362350954.779000	-89.000000	2
1362350954.799000	-89.000000	2
1362350954.835000	-89.000000	2
1362350954.879000	-89.000000	2
1362350954.895000	-89.000000	2
1362350954.959000	-88.000000	2
1362350954.965000	-88.000000	2
1362350955.035000	-88.000000	2
1362350955.039000	-89.000000	2
1362350955.105000	-89.000000	2
1362350955.175000	-89.000000	2
1362350955.179000	-88.000000	2
1362350955.199000	-89.000000	2
1362350955.255000	-89.000000	2
1362350955.279000	-89.000000	2
1362350955.325000	-89.000000	2
1362350955.359000	-89.000000	2
1362350955.395000	-89.000000	2
1362350955.439000	-88.000000	2
1362350955.465000	-88.000000	2
1362350955.535000	-88.000000	2
1362350955.579000	-89.000000	2
1362350955.599000	-89.000000	2
1362350955.605000	-89.000000	2
1362350955.675000	-89.000000	2
1362350955.679000	-88.000000	2
1362350955.745000	-88.000000	2
1362350955.759000	-88.000000	2
1362350955.815000	-88.000000	2
1362350955.839000	-88.000000	2
1362350955.885000	-88.000000	2
1362350955.945000	-88.000000	2
1362350955.979000	-89.000000	2
1362350955.999000	-90.000000	2
1362350956.015000	-90.000000	2
1362350956.079000	-89.000000	2
1362350956.085000	-89.000000	2
1362350956.155000	-89.000000	2
1362350956.159000	-89.000000	2
1362350956.215000	-89.000000	2
1362350956.239000	-88.000000	2
1362350956.285000	-88.000000	2
1362350956.355000	-88.000000	2
1362350956.379000	-89.000000	2
1362350956.399000	-88.000000	2
1362350956.425000	-88.000000	2
1362350956.479000	-88.000000	2
1362350956.495000	-88.000000	2
1362350956.559000	-88.000000	2
1362350956.565000	-88.000000	2
1362350956.639000	-88.000000	2
1362350956.645000	-88.000000	2
1362350956.725000	-88.000000	2
1362350956.779000	-87.000000	2
1362350956.799000	-87.000000	2
1362350956.805000	-87.000000	2
1362350956.879000	-87.000000	2
1362350956.885000	-87.000000	2
1362350956.959000	-87.000000	2
1362350956.965000	-87.000000	2
1362350957.039000	-87.000000	2
1362350957.045000	-87.000000	2
1362350957.125000	-87.000000	2
1362350957.179000	-87.000000	2
1362350957.195000	-87.000000	2
1362350957.199000	-87.000000	2
1362350957.275000	-87.000000	2
1362350957.279000	-87.000000	2
1362350957.355000	-87.000000	2
1362350957.359000	-87.000000	2
1362350957.435000	-87.000000	2
1362350957.439000	-87.000000	2
1362350957.515000	-87.000000	2
1362350957.579000	-87.000000	2
1362350957.585000	-87.000000	2
1362350957.599000	-87.000000	2
1362350957.655000	-87.000000	2
1362350957.679000	-87.000000	2
1362350957.735000	-87.000000	2
1362350957.759000	-88.000000	2
1362350957.805000	-88.000000	2
1362350957.839000	-88.000000	2
1362350957.875000	-88.000000	2
1362350957.945000	-88.000000	2
1362350957.979000	-88.000000	2
1362350957.999000	-88.000000	2
1362350958.015000	-88.000000	2
1362350958.079000	-88.000000	2
1362350958.095000	-88.000000	2
1362350958.159000	-88.000000	2
1362350958.165000	-88.000000	2
1362350958.239000	-89.000000	2
1362350958.245000	-89.000000	2
1362350958.315000	-89.000000	2
1362350958.379000	-88.000000	2
1362350958.395000	-88.000000	2
1362350958.399000	-90.000000	2
1362350958.465000	-90.000000	2
1362350958.479000	-89.000000	2
1362350958.535000	-89.000000	2
1362350958.559000	-89.000000	2
1362350958.615000	-89.000000	2
1362350958.639000	-89.000000	2
1362350958.685000	-89.000000	2
1362350958.765000	-89.000000	2
1362350958.779000	-90.000000	2
1362350958.799000	-89.000000	2
1362350958.845000	-89.000000	2
1362350958.879000	-88.000000	2
1362350958.925000	-88.000000	2
1362350958.959000	-88.000000	2
1362350959.015000	-88.000000	2
1362350959.039000	-87.000000	2
1362350959.095000	-87.000000	2
1362350959.175000	-87.000000	2
1362350959.179000	-86.000000	2
1362350959.199000	-85.000000	2
1362350959.265000	-85.000000	2
1362350959.279000	-86.000000	2
1362350959.345000	-86.000000	2
1362350959.359000	-86.000000	2
1362350959.439000	-86.000000	2
1362350959.579000	-86.000000	2
1362350959.599000	-87.000000	2
1362350959.679000	-88.000000	2
1362350959.759000	-90.000000	2
1362350959.839000	-88.000000	2
1362350959.979000	-88.000000	2
1362350959.999000	-89.000000	2
1362350960.079000	-90.000000	2
1362350960.159000	-91.000000	2
1362350965.850000	-91.000000	2
1362350965.949000	-102.000000	2
1362350965.969000	-102.000000	2
1362350966.049000	-101.000000	2
1362350966.129000	-102.000000	2
1362350966.209000	-101.000000	2
1362350966.349000	-101.000000	2
1362350966.369000	-99.000000	2
1362350966.449000	-101.000000	2
1362350966.529000	-101.000000	2
1362350966.609000	-101.000000	2
1362350966.665000	-101.000000	2
1362350966.745000	-101.000000	2
1362350966.749000	-100.000000	2
1362350966.769000	-99.000000	2
1362350966.815000	-99.000000	2
1362350966.849000	-100.000000	2
1362350966.895000	-100.000000	2
1362350966.929000	-100.000000	2
1362350966.975000	-100.000000	2
1362350967.009000	-99.000000	2
1362350967.055000	-99.000000	2
1362350967.135000	-99.000000	2
1362350967.149000	-100.000000	2
1362350967.169000	-99.000000	2
1362350967.225000	-99.000000	2
1362350967.249000	-99.000000	2
1362350967.305000	-99.000000	2
1362350967.329000	-100.000000	2
1362350967.385000	-100.000000	2
1362350967.409000	-99.000000	2
1362350967.475000	-99.000000	2
1362350967.549000	-100.000000	2
1362350967.555000	-100.000000	2
1362350967.569000	-100.000000	2
1362350967.635000	-100.000000	2
1362350967.649000	-101.000000	2
1362350967.725000	-101.000000	2
1362350967.729000	-102.000000	2
1362350967.809000	-102.000000	2
1362350967.949000	-102.000000	2
1362350967.969000	-102.000000	2
1362350968.049000	-101.000000	2
1362350968.129000	-100.000000	2
1362350968.209000	-100.000000	2
1362350968.349000	-100.000000	2
1362350968.369000	-100.000000	2
1362350968.449000	-99.000000	2
1362350979.930000	-99.000000	2
1362350980.949000	-90.000000	2
1362350981.009000	-89.000000	2
1362350981.089000	-89.000000	2
1362350981.169000	-89.000000	2
1362350981.309000	-89.000000	2
1362350981.329000	-89.000000	2
1362350981.409000	-89.000000	2
1362350981.489000	-89.000000	2
1362350981.569000	-89.000000	2
1362350981.709000	-89.000000	2
1362350981.729000	-89.000000	2
1362350981.809000	-89.000000	2
1362350981.889000	-89.000000	2
1362350981.969000	-89.000000	2
1362350982.109000	-90.000000	2
1362350982.129000	-89.000000	2
1362350982.209000	-89.000000	2
1362350982.289000	-90.000000	2
1362350982.369000	-89.000000	2
1362351014.109000	-89.000000	2
1362351014.139000	-101.000000	2
1362351014.159000	-96.000000	2
1362351014.239000	-94.000000	2
1362351014.319000	-93.000000	2
1362351014.395000	-93.000000	2
1362351014.399000	-91.000000	2
1362351014.455000	-91.000000	2
1362351014.515000	-91.000000	2
1362351014.535000	-93.000000	2
1362351014.559000	-91.000000	2
1362351014.639000	-92.000000	2
1362351014.719000	-92.000000	2
1362351014.726000	-92.000000	2
1362351014.735000	-92.000000	2
1362351014.799000	-90.000000	2
1362351014.939000	-92.000000	2
1362351014.945000	-92.000000	2
1362351014.959000	-91.000000	2
1362351014.986000	-91.000000	2
1362351014.990000	-91.000000	2
1362351015.005000	-91.000000	2
1362351015.039000	-91.000000	2
1362351015.065000	-91.000000	2
1362351015.119000	-92.000000	2
1362351015.135000	-92.000000	2
1362351015.199000	-91.000000	2
1362351015.205000	-91.000000	2
1362351015.275000	-91.000000	2
1362351015.313000	-91.000000	2
1362351015.335000	-92.000000	2
1362351015.345000	-92.000000	2
1362351015.359000	-92.000000	2
1362351015.415000	-92.000000	2
1362351015.439000	-91.000000	2
1362351015.475000	-91.000000	2
1362351015.486000	-91.000000	2
1362351015.519000	-92.000000	2
1362351015.535000	-92.000000	2
1362351015.599000	-91.000000	2
1362351034.970000	-91.000000	2
1362351035.989000	-90.000000	2
1362351036.049000	-89.000000	2
1362351036.129000	-89.000000	2
1362351036.209000	-90.000000	2
1362351036.349000	-90.000000	2
1362351036.369000	-90.000000	2
1362351036.449000	-89.000000	2
1362351036.529000	-90.000000	2
1362351036.609000	-90.000000	2
1362351036.749000	-90.000000	2
1362351036.769000	-90.000000	2
1362351036.849000	-90.000000	2
1362351036.929000	-90.000000	2
1362351037.009000	-89.000000	2
1362351037.149000	-88.000000	2
1362351037.169000	-88.000000	2
1362351037.249000	-89.000000	2
1362351037.329000	-89.000000	2
1362351037.409000	-89.000000	2
1362351043.629000	-89.000000	2
1362351043.659000	-89.000000	2
1362351043.679000	-89.000000	2
1362351043.759000	-90.000000	2
1362351043.839000	-89.000000	2
1362351043.919000	-91.000000	2
1362351043.945000	-91.000000	2
1362351044.015000	-91.000000	2
1362351044.053000	-91.000000	2
1362351044.079000	-90.000000	2
1362351044.159000	-90.000000	2
1362351044.239000	-89.000000	2
1362351044.256000	-89.000000	2
1362351044.259000	-89.000000	2
1362351044.260000	-89.000000	2
1362351044.265000	-89.000000	2
1362351044.319000	-89.000000	2
1362351044.335000	-89.000000	2
1362351044.405000	-89.000000	2
1362351044.455000	-91.000000	2
1362351044.475000	-91.000000	2
1362351044.479000	-90.000000	2
1362351044.545000	-90.000000	2
1362351044.559000	-90.000000	2
1362351044.639000	-90.000000	2
1362351044.719000	-89.000000	2
1362351044.859000	-90.000000	2
1362351044.879000	-90.000000	2
1362351051.930000	-90.000000	2
1362351052.949000	-89.000000	2
1362351053.009000	-89.000000	2
1362351053.089000	-90.000000	2
1362351053.169000	-90.000000	2
1362351053.309000	-90.000000	2
1362351053.329000	-90.000000	2
1362351053.339000	-90.000000	2
1362351053.345000	-90.000000	2
1362351053.409000	-89.000000	2
1362351053.425000	-89.000000	2
1362351053.489000	-90.000000	2
1362351053.569000	-89.000000	2
1362351053.646000	-89.000000	2
1362351053.649000	-89.000000	2
1362351053.655000	-89.000000	2
1362351053.709000	-90.000000	2
1362351053.725000	-90.000000	2
1362351053.729000	-90.000000	2
1362351053.795000	-90.000000	2
1362351053.809000	-91.000000	2
1362351053.889000	-89.000000	2
1362351053.969000	-90.000000	2
1362351054.109000	-90.000000	2
1362351054.129000	-90.000000	2
1362351054.209000	-90.000000	2
1362351054.289000	-90.000000	2
1362351054.369000	-91.000000	2
1362351054.509000	-89.000000	2
1362351054.529000	-90.000000	2
1362351054.609000	-89.000000	2
1362351054.689000	-91.000000	2
1362351054.769000	-90.000000	2
1362351054.909000	-90.000000	2
1362351054.929000	-91.000000	2
1362351055.009000	-91.000000	2
1362351055.089000	-90.000000	2
1362351055.169000	-90.000000	2
1362351055.309000	-91.000000	2
1362351055.329000	-91.000000	2
1362351055.409000	-91.000000	2
1362351055.489000	-90.000000	2
1362351055.569000	-90.000000	2
1362351055.709000	-91.000000	2
1362351055.729000	-90.000000	2
1362351055.809000	-90.000000	2
1362351055.889000	-89.000000	2
1362351055.970000	-88.000000	2
1362351056.109000	-91.000000	2
1362351056.129000	-89.000000	2
1362351062.909000	-89.000000	2
1362351062.939000	-90.000000	2
1362351062.959000	-91.000000	2
1362351063.039000	-91.000000	2
1362351063.119000	-91.000000	2
1362351063.199000	-92.000000	2
1362351063.225000	-92.000000	2
1362351063.295000	-92.000000	2
1362351063.333000	-91.000000	2
1362351063.359000	-91.000000	2
1362351063.439000	-91.000000	2
1362351063.516000	-91.000000	2
1362351063.519000	-91.000000	2
1362351063.519000	-91.000000	2
1362351063.520000	-91.000000	2
1362351063.525000	-91.000000	2
1362351063.595000	-91.000000	2
1362351063.599000	-90.000000	2
1362351063.655000	-90.000000	2
1362351063.725000	-90.000000	2
1362351063.735000	-90.000000	2
1362351063.759000	-91.000000	2
1362351063.795000	-91.000000	2
1362351063.839000	-91.000000	2
1362351063.919000	-89.000000	2
1362351063.999000	-90.000000	2
1362351064.139000	-91.000000	2
1362351064.159000	-90.000000	2
1362351068.890000	-90.000000	2
1362351069.396000	-90.000000	2
1362351069.399000	-90.000000	2
1362351069.400000	-90.000000	2
1362351069.405000	-90.000000	2
1362351069.475000	-90.000000	2
1362351069.545000	-90.000000	2
1362351069.615000	-90.000000	2
1362351069.695000	-90.000000	2
1362351069.905000	-90.000000	2
1362351069.969000	-89.000000	2
1362351070.049000	-89.000000	2
1362351074.650000	-89.000000	2
1362351085.469000	-89.000000	2
1362351085.500000	-89.000000	2
1362351085.519000	-89.000000	2
1362351085.599000	-88.000000	2
1362351085.679000	-90.000000	2
1362351085.759000	-89.000000	2
1362351085.775000	-89.000000	2
1362351085.845000	-89.000000	2
1362351085.895000	-89.000000	2
1362351085.919000	-89.000000	2
1362351085.999000	-89.000000	2
1362351086.079000	-89.000000	2
1362351086.086000	-89.000000	2
1362351086.089000	-89.000000	2
1362351086.090000	-89.000000	2
1362351086.095000	-89.000000	2
1362351086.159000	-89.000000	2
1362351086.165000	-89.000000	2
1362351086.235000	-89.000000	2
1362351086.295000	-88.000000	2
1362351086.315000	-88.000000	2
1362351086.319000	-89.000000	2
1362351086.385000	-89.000000	2
1362351086.399000	-89.000000	2
1362351086.479000	-89.000000	2
1362351086.559000	-89.000000	2
1362351086.699000	-89.000000	2
1362351086.719000	-89.000000	2
1362351091.610000	-89.000000	2
1362351091.765000	-89.000000	2
1362351091.845000	-89.000000	2
1362351094.429000	-89.000000	2
1362351094.456000	-90.000000	2
1362351094.479000	-91.000000	2
1362351094.559000	-90.000000	2
1362351094.639000	-90.000000	2
1362351094.695000	-90.000000	2
1362351094.719000	-90.000000	2
1362351094.765000	-90.000000	2
1362351094.816000	-90.000000	2
1362351094.819000	-90.000000	2
1362351094.820000	-90.000000	2
1362351094.835000	-90.000000	2
1362351094.859000	-90.000000	2
1362351094.879000	-89.000000	2
1362351094.905000	-89.000000	2
1362351094.959000	-90.000000	2
1362351094.975000	-90.000000	2
1362351094.996000	-90.000000	2
1362351094.999000	-90.000000	2
1362351095.039000	-90.000000	2
1362351095.045000	-90.000000	2
1362351095.115000	-90.000000	2
1362351095.119000	-90.000000	2
1362351095.185000	-90.000000	2
1362351095.255000	-90.000000	2
1362351095.259000	-89.000000	2
1362351095.279000	-89.000000	2
1362351095.359000	-91.000000	2
1362351095.439000	-90.000000	2
1362351095.519000	-90.000000	2
1362351100.570000	-90.000000	2
1362351102.269000	-90.000000	2
1362351102.293000	-89.000000	2
1362351102.319000	-90.000000	2
1362351102.399000	-90.000000	2
1362351102.479000	-90.000000	2
1362351102.525000	-90.000000	2
1362351102.559000	-90.000000	2
1362351102.595000	-90.000000	2
1362351102.665000	-90.000000	2
1362351102.699000	-91.000000	2
1362351102.719000	-90.000000	2
1362351102.799000	-89.000000	2
1362351102.879000	-89.000000	2
1362351102.916000	-89.000000	2
1362351102.925000	-89.000000	2
1362351102.959000	-91.000000	2
1362351103.093000	-90.000000	2
1362351103.119000	-90.000000	2
1362351103.199000	-91.000000	2
1362351103.279000	-89.000000	2
1362351103.359000	-90.000000	2
1362351103.499000	-90.000000	2
1362351103.519000	-89.000000	2
1362351103.599000	-90.000000	2
1362351103.679000	-90.000000	2
1362351103.759000	-90.000000	2
1362351103.899000	-91.000000	2
1362351103.919000	-90.000000	2
1362351103.999000	-90.000000	2
1362351104.079000	-90.000000	2
1362351104.159000	-90.000000	2
1362351104.293000	-89.000000	2
1362351104.319000	-90.000000	2
1362351104.399000	-91.000000	2
1362351104.479000	-90.000000	2
1362351104.559000	-89.000000	2
1362351104.693000	-90.000000	2
1362351104.719000	-90.000000	2
1362351104.799000	-90.000000	2
1362351104.879000	-89.000000	2
1362351104.959000	-89.000000	2
1362351105.095000	-89.000000	2
1362351105.119000	-90.000000	2
1362351105.199000	-91.000000	2
1362351105.279000	-90.000000	2
1362351106.109000	-90.000000	2
1362351106.140000	-91.000000	2
1362351106.159000	-90.000000	2
1362351106.239000	-91.000000	2
1362351106.319000	-90.000000	2
1362351106.399000	-90.000000	2
1362351106.535000	-90.000000	2
1362351106.559000	-90.000000	2
1362351106.639000	-91.000000	2
1362351110.989000	-91.000000	2
1362351111.019000	-88.000000	2
1362351111.039000	-89.000000	2
1362351111.119000	-89.000000	2
1362351111.199000	-87.000000	2
1362351111.279000	-89.000000	2
1362351111.295000	-89.000000	2
1362351111.365000	-89.000000	2
1362351111.413000	-89.000000	2
1362351111.439000	-90.000000	2
1362351111.519000	-89.000000	2
1362351111.596000	-89.000000	2
1362351111.599000	-88.000000	2
1362351111.599000	-88.000000	2
1362351111.600000	-88.000000	2
1362351111.605000	-88.000000	2
1362351111.679000	-89.000000	2
1362351111.685000	-89.000000	2
1362351111.755000	-89.000000	2
1362351111.815000	-88.000000	2
1362351111.835000	-88.000000	2
1362351111.839000	-88.000000	2
1362351111.905000	-88.000000	2
1362351111.919000	-89.000000	2
1362351111.999000	-89.000000	2
1362351112.079000	-90.000000	2
1362351112.215000	-89.000000	2
1362351112.239000	-89.000000	2
1362351117.690000	-89.000000	2
1362351117.790000	-86.000000	2
1362351117.809000	-86.000000	2
1362351117.889000	-86.000000	2
1362351117.969000	-86.000000	2
1362351118.049000	-87.000000	2
1362351118.069000	-87.000000	2
1362351118.075000	-87.000000	2
1362351118.189000	-86.000000	2
1362351118.209000	-86.000000	2
1362351118.289000	-86.000000	2
1362351118.335000	-86.000000	2
1362351118.369000	-86.000000	2
1362351120.909000	-86.000000	2
1362351120.939000	-86.000000	2
1362351120.959000	-85.000000	2
1362351121.039000	-85.000000	2
1362351121.078000	-85.000000	2
1362351121.119000	-85.000000	2
1362351121.195000	-85.000000	2
1362351121.199000	-85.000000	2
1362351121.285000	-85.000000	2
1362351121.336000	-85.000000	2
1362351121.339000	-85.000000	2
1362351121.339000	-85.000000	2
1362351121.340000	-85.000000	2
1362351121.359000	-85.000000	2
1362351121.365000	-85.000000	2
1362351121.439000	-86.000000	2
1362351121.455000	-86.000000	2
1362351121.519000	-85.000000	2
1362351121.536000	-85.000000	2
1362351121.539000	-85.000000	2
1362351121.545000	-85.000000	2
1362351121.586000	-85.000000	2
1362351121.589000	-85.000000	2
1362351121.599000	-85.000000	2
1362351121.625000	-85.000000	2
1362351121.715000	-85.000000	2
1362351121.739000	-86.000000	2
1362351121.759000	-85.000000	2
1362351121.805000	-85.000000	2
1362351121.839000	-87.000000	2
1362351121.895000	-87.000000	2
1362351121.919000	-85.000000	2
1362351121.985000	-85.000000	2
1362351121.999000	-87.000000	2
1362351122.075000	-87.000000	2
1362351122.139000	-86.000000	2
1362351122.155000	-86.000000	2
1362351122.159000	-86.000000	2
1362351122.239000	-87.000000	2
1362351122.319000	-86.000000	2
1362351122.399000	-86.000000	2
1362351122.539000	-85.000000	2
1362351122.559000	-84.000000	2
1362351127.290000	-84.000000	2
1362351138.029000	-84.000000	2
1362351138.059000	-84.000000	2
1362351138.079000	-84.000000	2
1362351138.159000	-84.000000	2
1362351138.239000	-84.000000	2
1362351138.319000	-85.000000	2
1362351138.365000	-85.000000	2
1362351138.455000	-85.000000	2
1362351138.459000	-85.000000	2
1362351138.479000	-87.000000	2
1362351138.559000	-87.000000	2
1362351138.639000	-88.000000	2
1362351138.696000	-88.000000	2
1362351138.699000	-88.000000	2
1362351138.700000	-88.000000	2
1362351138.705000	-88.000000	2
1362351138.719000	-87.000000	2
1362351138.785000	-87.000000	2
1362351138.859000	-86.000000	2
1362351138.875000	-86.000000	2
1362351138.879000	-85.000000	2
1362351138.959000	-86.000000	2
1362351138.965000	-86.000000	2
1362351139.039000	-86.000000	2
1362351139.045000	-86.000000	2
1362351139.119000	-85.000000	2
1362351139.259000	-86.000000	2
1362351139.279000	-86.000000	2
1362351139.359000	-85.000000	2
1362351144.570000	-85.000000	2
1362351146.109000	-85.000000	2
1362351146.139000	-86.000000	2
1362351146.159000	-85.000000	2
1362351146.239000	-85.000000	2
1362351146.319000	-86.000000	2
1362351146.399000	-84.000000	2
1362351146.405000	-84.000000	2
1362351146.495000	-84.000000	2
1362351146.539000	-85.000000	2
1362351146.559000	-85.000000	2
1362351146.639000	-85.000000	2
1362351146.719000	-85.000000	2
1362351146.726000	-85.000000	2
1362351146.729000	-85.000000	2
1362351146.730000	-85.000000	2
1362351146.735000	-85.000000	2
1362351146.799000	-86.000000	2
1362351146.805000	-86.000000	2
1362351146.895000	-86.000000	2
1362351146.939000	-85.000000	2
1362351146.959000	-85.000000	2
1362351146.985000	-85.000000	2
1362351147.039000	-86.000000	2
1362351147.075000	-86.000000	2
1362351147.119000	-85.000000	2
1362351147.199000	-85.000000	2
1362351147.339000	-85.000000	2
1362351147.359000	-86.000000	2
1362351147.439000	-85.000000	2
1362351152.250000	-85.000000	2
1362351162.909000	-85.000000	2
1362351162.939000	-84.000000	2
1362351162.959000	-85.000000	2
1362351163.039000	-85.000000	2
1362351163.119000	-85.000000	2
1362351163.199000	-84.000000	2
1362351163.275000	-84.000000	2
1362351163.339000	-84.000000	2
1362351163.359000	-84.000000	2
1362351163.365000	-84.000000	2
1362351163.439000	-84.000000	2
1362351163.519000	-84.000000	2
1362351163.599000	-84.000000	2
1362351163.626000	-84.000000	2
1362351163.628000	-84.000000	2
1362351163.629000	-84.000000	2
1362351163.635000	-84.000000	2
1362351163.739000	-84.000000	2
1362351163.745000	-84.000000	2
1362351163.759000	-83.000000	2
1362351163.839000	-84.000000	2
1362351163.845000	-84.000000	2
1362351163.919000	-84.000000	2
1362351163.945000	-84.000000	2
1362351163.999000	-83.000000	2
1362351164.035000	-83.000000	2
1362351164.139000	-84.000000	2
1362351164.159000	-84.000000	2
1362351164.239000	-84.000000	2
1362351164.319000	-84.000000	2
1362351164.399000	-84.000000	2
1362351169.530000	-84.000000	2
1362351172.029000	-84.000000	2
1362351172.060000	-84.000000	2
1362351172.079000	-84.000000	2
1362351172.159000	-84.000000	2
1362351172.239000	-83.000000	2
1362351172.319000	-84.000000	2
1362351172.325000	-84.000000	2
1362351172.415000	-84.000000	2
1362351172.459000	-83.000000	2
1362351172.479000	-84.000000	2
1362351172.559000	-84.000000	2
1362351172.639000	-84.000000	2
1362351172.666000	-84.000000	2
1362351172.668000	-84.000000	2
1362351172.669000	-84.000000	2
1362351172.675000	-84.000000	2
1362351172.719000	-83.000000	2
1362351172.765000	-83.000000	2
1362351172.859000	-83.000000	2
1362351172.875000	-83.000000	2
1362351172.879000	-84.000000	2
1362351172.959000	-83.000000	2
1362351172.975000	-83.000000	2
1362351173.039000	-85.000000	2
1362351173.075000	-85.000000	2
1362351173.119000	-83.000000	2
1362351173.259000	-84.000000	2
1362351173.279000	-84.000000	2
1362351173.359000	-84.000000	2
1362351173.439000	-83.000000	2
1362351178.490000	-83.000000	2
1362351188.909000	-83.000000	2
1362351188.939000	-84.000000	2
1362351188.959000	-83.000000	2
1362351189.039000	-85.000000	2
1362351189.119000	-83.000000	2
1362351189.199000	-83.000000	2
1362351189.285000	-83.000000	2
1362351189.339000	-84.000000	2
1362351189.359000	-83.000000	2
1362351189.385000	-83.000000	2
1362351189.439000	-84.000000	2
1362351189.519000	-83.000000	2
1362351189.599000	-84.000000	2
1362351189.646000	-84.000000	2
1362351189.649000	-84.000000	2
1362351189.650000	-84.000000	2
1362351189.655000	-84.000000	2
1362351189.739000	-84.000000	2
1362351189.755000	-84.000000	2
1362351189.759000	-84.000000	2
1362351189.839000	-83.000000	2
1362351189.845000	-83.000000	2
1362351189.919000	-84.000000	2
1362351189.945000	-84.000000	2
1362351189.999000	-83.000000	2
1362351190.045000	-83.000000	2
1362351190.139000	-84.000000	2
1362351190.159000	-84.000000	2
1362351190.239000	-84.000000	2
1362351190.319000	-83.000000	2
1362351190.399000	-83.000000	2
1362351195.130000	-83.000000	2
1362351199.069000	-83.000000	2
1362351199.099000	-84.000000	2
1362351199.119000	-83.000000	2
1362351199.199000	-83.000000	2
1362351199.279000	-84.000000	2
1362351199.359000	-85.000000	2
1362351199.425000	-85.000000	2
1362351199.499000	-84.000000	2
1362351199.519000	-84.000000	2
1362351199.525000	-84.000000	2
1362351199.599000	-84.000000	2
1362351199.679000	-84.000000	2
1362351199.759000	-83.000000	2
1362351199.786000	-83.000000	2
1362351199.789000	-83.000000	2
1362351199.790000	-83.000000	2
1362351199.795000	-83.000000	2
1362351199.895000	-83.000000	2
1362351199.899000	-84.000000	2
1362351199.919000	-84.000000	2
1362351199.995000	-84.000000	2
1362351199.999000	-85.000000	2
1362351200.079000	-83.000000	2
1362351200.095000	-83.000000	2
1362351200.159000	-83.000000	2
1362351200.195000	-83.000000	2
1362351200.299000	-84.000000	2
1362351200.319000	-84.000000	2
1362351200.399000	-83.000000	2
1362351200.479000	-83.000000	2
1362351200.559000	-83.000000	2
1362351205.370000	-83.000000	2
1362351216.029000	-83.000000	2
1362351216.060000	-86.000000	2
1362351216.079000	-86.000000	2
1362351216.159000	-86.000000	2
1362351216.239000	-88.000000	2
1362351216.319000	-86.000000	2
1362351216.385000	-86.000000	2
1362351216.459000	-87.000000	2
1362351216.475000	-87.000000	2
1362351216.479000	-86.000000	2
1362351216.559000	-86.000000	2
1362351216.639000	-88.000000	2
1362351216.716000	-88.000000	2
1362351216.719000	-87.000000	2
1362351216.719000	-87.000000	2
1362351216.720000	-87.000000	2
1362351216.725000	-87.000000	2
1362351216.805000	-87.000000	2
1362351216.859000	-86.000000	2
1362351216.879000	-86.000000	2
1362351216.885000	-86.000000	2
1362351216.959000	-86.000000	2
1362351216.975000	-86.000000	2
1362351217.039000	-87.000000	2
1362351217.065000	-87.000000	2
1362351217.119000	-86.000000	2
1362351217.259000	-85.000000	2
1362351217.279000	-86.000000	2
1362351217.359000	-86.000000	2
1362351217.439000	-86.000000	2
1362351222.650000	-86.000000	2
1362351227.069000	-86.000000	2
1362351227.099000	-86.000000	2
1362351227.119000	-85.000000	2
1362351227.199000	-85.000000	2
1362351227.279000	-85.000000	2
1362351227.359000	-85.000000	2
1362351227.499000	-85.000000	2
1362351227.519000	-85.000000	2
1362351227.599000	-85.000000	2
1362351227.679000	-86.000000	2
1362351227.759000	-85.000000	2
1362351227.899000	-86.000000	2
1362351227.919000	-86.000000	2
1362351227.999000	-85.000000	2
1362351228.079000	-85.000000	2
1362351228.159000	-86.000000	2
1362351228.299000	-86.000000	2
1362351228.319000	-85.000000	2
1362351228.399000	-86.000000	2
1362351228.479000	-86.000000	2
1362351228.559000	-85.000000	2
1362351228.699000	-85.000000	2
1362351228.719000	-85.000000	2
1362351228.799000	-85.000000	2
1362351228.879000	-86.000000	2
1362351228.959000	-86.000000	2
1362351229.099000	-86.000000	2
1362351229.119000	-85.000000	2
1362351229.199000	-86.000000	2
1362351229.279000	-85.000000	2
1362351229.359000	-85.000000	2
1362351229.499000	-85.000000	2
1362351229.519000	-85.000000	2
1362351229.599000	-85.000000	2
1362351229.679000	-85.000000	2
1362351229.759000	-85.000000	2
1362351229.899000	-85.000000	2
1362351229.919000	-85.000000	2
1362351229.960000	-85.000000	2
1362351229.999000	-85.000000	2
1362351230.079000	-86.000000	2
1362351230.159000	-85.000000	2
1362351230.299000	-85.000000	2
1362351230.319000	-86.000000	2
1362351230.399000	-86.000000	2
1362351230.415000	-86.000000	2
1362351230.479000	-86.000000	2
1362351230.505000	-86.000000	2
1362351230.559000	-86.000000	2
1362351230.585000	-86.000000	2
1362351230.675000	-86.000000	2
1362351230.699000	-86.000000	2
1362351230.719000	-86.000000	2
1362351230.746000	-86.000000	2
1362351230.749000	-86.000000	2
1362351230.750000	-86.000000	2
1362351230.765000	-86.000000	2
1362351230.799000	-86.000000	2
1362351230.845000	-86.000000	2
1362351230.879000	-86.000000	2
1362351230.915000	-86.000000	2
1362351230.926000	-86.000000	2
1362351230.929000	-86.000000	2
1362351230.959000	-86.000000	2
1362351230.985000	-86.000000	2
1362351231.055000	-86.000000	2
1362351231.099000	-85.000000	2
1362351231.119000	-86.000000	2
1362351231.135000	-86.000000	2
1362351231.199000	-86.000000	2
1362351231.225000	-86.000000	2
1362351231.279000	-86.000000	2
1362351231.359000	-86.000000	2
1362351231.499000	-86.000000	2
1362351231.519000	-86.000000	2
1362351246.989000	-86.000000	2
1362351247.019000	-85.000000	2
1362351247.039000	-86.000000	2
1362351247.119000	-85.000000	2
1362351247.199000	-85.000000	2
1362351247.279000	-85.000000	2
1362351247.419000	-84.000000	2
1362351247.439000	-85.000000	2
1362351247.519000	-85.000000	2
1362351247.599000	-84.000000	2
1362351247.679000	-85.000000	2
1362351247.819000	-85.000000	2
1362351247.839000	-85.000000	2
1362351247.919000	-85.000000	2
1362351247.999000	-85.000000	2
1362351248.079000	-85.000000	2
1362351248.219000	-85.000000	2
1362351248.239000	-85.000000	2
1362351248.319000	-85.000000	2
1362351248.399000	-86.000000	2
1362351248.479000	-85.000000	2
1362351248.619000	-87.000000	2
1362351248.639000	-85.000000	2
1362351248.719000	-85.000000	2
1362351248.799000	-85.000000	2
1362351248.879000	-85.000000	2
1362351249.019000	-85.000000	2
1362351249.039000	-86.000000	2
1362351249.119000	-85.000000	2
1362351249.199000	-85.000000	2
1362351249.279000	-85.000000	2
1362351249.419000	-86.000000	2
1362351249.439000	-86.000000	2
1362351249.519000	-85.000000	2
1362351249.599000	-85.000000	2
1362351249.679000	-86.000000	2
1362351249.819000	-85.000000	2
1362351249.820000	-85.000000	2
1362351249.839000	-86.000000	2
1362351249.919000	-86.000000	2
1362351249.999000	-85.000000	2
1362351250.079000	-86.000000	2
1362351250.219000	-86.000000	2
1362351250.239000	-85.000000	2
1362351250.319000	-85.000000	2
1362351250.399000	-85.000000	2
1362351250.435000	-85.000000	2
1362351250.479000	-85.000000	2
1362351250.535000	-85.000000	2
1362351250.619000	-86.000000	2
1362351250.625000	-86.000000	2
1362351250.639000	-86.000000	2
1362351250.715000	-86.000000	2
1362351250.719000	-85.000000	2
1362351250.796000	-85.000000	2
1362351250.799000	-86.000000	2
1362351250.799000	-86.000000	2
1362351250.800000	-86.000000	2
1362351250.805000	-86.000000	2
1362351250.879000	-85.000000	2
1362351250.895000	-85.000000	2
1362351250.956000	-85.000000	2
1362351250.959000	-85.000000	2
1362351250.985000	-85.000000	2
1362351251.019000	-86.000000	2
1362351251.039000	-86.000000	2
1362351251.065000	-86.000000	2
1362351251.119000	-85.000000	2
1362351251.155000	-85.000000	2
1362351251.199000	-86.000000	2
1362351251.255000	-86.000000	2
1362351251.279000	-85.000000	2
1362351251.355000	-85.000000	2
1362351251.419000	-86.000000	2
1362351251.439000	-85.000000	2
1362351251.519000	-85.000000	2
1362351251.599000	-85.000000	2
1362351251.679000	-86.000000	2
1362351256.560000	-86.000000	2
1362351257.869000	-86.000000	2
1362351257.899000	-87.000000	2
1362351257.919000	-87.000000	2
1362351257.999000	-87.000000	2
1362351258.079000	-87.000000	2
1362351258.159000	-87.000000	2
1362351258.296000	-87.000000	2
1362351258.299000	-87.000000	2
1362351258.305000	-87.000000	2
1362351258.316000	-87.000000	2
1362351258.319000	-87.000000	2
1362351258.319000	-87.000000	2
1362351258.399000	-87.000000	2
1362351258.405000	-87.000000	2
1362351258.479000	-87.000000	2
1362351258.495000	-87.000000	2
1362351258.559000	-87.000000	2
1362351258.699000	-87.000000	2
1362351258.719000	-87.000000	2
1362351258.799000	-88.000000	2
1362351258.879000	-87.000000	2
1362351258.959000	-87.000000	2
1362351259.099000	-87.000000	2
1362351259.119000	-87.000000	2
1362351259.199000	-87.000000	2
1362351259.279000	-87.000000	2
1362351259.359000	-86.000000	2
1362351259.416000	-86.000000	2
1362351259.425000	-86.000000	2
1362351259.446000	-86.000000	2
1362351259.450000	-86.000000	2
1362351259.499000	-87.000000	2
1362351259.519000	-87.000000	2
1362351259.525000	-87.000000	2
1362351259.599000	-87.000000	2
1362351259.625000	-87.000000	2
1362351259.679000	-87.000000	2
1362351259.759000	-87.000000	2
1362351259.899000	-87.000000	2
1362351259.919000	-87.000000	2
1362351259.999000	-87.000000	2
1362351260.079000	-87.000000	2
1362351260.159000	-86.000000	2
1362351260.299000	-87.000000	2
1362351260.319000	-86.000000	2
1362351260.399000	-87.000000	2
1362351260.479000	-86.000000	2
1362351260.506000	-86.000000	2
1362351260.515000	-86.000000	2
1362351260.540000	-86.000000	2
1362351260.556000	-86.000000	2
1362351260.558000	-86.000000	2
1362351260.559000	-88.000000	2
1362351260.605000	-88.000000	2
1362351260.699000	-86.000000	2
1362351260.705000	-86.000000	2
1362351260.719000	-88.000000	2
1362351260.799000	-87.000000	2
1362351260.805000	-87.000000	2
1362351260.879000	-87.000000	2
1362351260.959000	-87.000000	2
1362351261.099000	-87.000000	2
1362351261.119000	-88.000000	2
1362351261.199000	-87.000000	2
1362351261.279000	-86.000000	2
1362351261.359000	-87.000000	2
1362351261.499000	-87.000000	2
1362351261.506000	-87.000000	2
1362351261.515000	-87.000000	2
1362351261.519000	-87.000000	2
1362351261.599000	-88.000000	2
1362351261.679000	-86.000000	2
1362351261.759000	-86.000000	2
1362351261.899000	-86.000000	2
1362351261.919000	-86.000000	2
1362351261.999000	-86.000000	2
1362351262.056000	-86.000000	2
1362351262.065000	-86.000000	2
1362351262.079000	-86.000000	2
1362351262.090000	-86.000000	2
1362351262.146000	-86.000000	2
1362351262.149000	-86.000000	2
1362351262.155000	-86.000000	2
1362351262.160000	-85.000000	2
1362351262.245000	-85.000000	2
1362351262.299000	-85.000000	2
1362351262.308000	-85.000000	2
1362351262.319000	-85.000000	2
1362351262.345000	-85.000000	2
1362351262.399000	-83.000000	2
1362351262.445000	-83.000000	2
1362351262.479000	-84.000000	2
1362351262.545000	-84.000000	2
1362351262.560000	-84.000000	2
1362351262.699000	-84.000000	2
1362351262.719000	-84.000000	2
1362351262.799000	-84.000000	2
1362351262.806000	-84.000000	2
1362351262.809000	-84.000000	2
1362351262.810000	-84.000000	2
1362351262.815000	-84.000000	2
1362351262.879000	-83.000000	2
1362351262.915000	-83.000000	2
1362351262.959000	-84.000000	2
1362351263.015000	-84.000000	2
1362351263.016000	-84.000000	2
1362351263.099000	-84.000000	2
1362351263.105000	-84.000000	2
1362351263.119000	-84.000000	2
1362351263.195000	-84.000000	2
1362351263.199000	-84.000000	2
1362351263.279000	-84.000000	2
1362351263.295000	-84.000000	2
1362351263.359000	-84.000000	2
1362351263.499000	-85.000000	2
1362351263.519000	-86.000000	2
1362351263.599000	-85.000000	2
1362351263.679000	-85.000000	2
1362351279.229000	-85.000000	2
1362351279.255000	-89.000000	2
1362351279.279000	-90.000000	2
1362351279.359000	-90.000000	2
1362351279.439000	-90.000000	2
1362351279.519000	-89.000000	2
1362351279.625000	-89.000000	2
1362351279.655000	-90.000000	2
1362351279.679000	-90.000000	2
1362351279.695000	-90.000000	2
1362351279.759000	-90.000000	2
1362351279.839000	-90.000000	2
1362351279.919000	-91.000000	2
1362351279.926000	-91.000000	2
1362351279.929000	-91.000000	2
1362351279.930000	-91.000000	2
1362351279.935000	-91.000000	2
1362351280.015000	-91.000000	2
1362351280.059000	-90.000000	2
1362351280.079000	-91.000000	2
1362351280.085000	-91.000000	2
1362351280.159000	-90.000000	2
1362351280.165000	-90.000000	2
1362351280.239000	-90.000000	2
1362351280.245000	-90.000000	2
1362351280.319000	-90.000000	2
1362351280.453000	-90.000000	2
1362351280.479000	-89.000000	2
1362351280.559000	-90.000000	2
1362351285.530000	-90.000000	2
1362351288.589000	-90.000000	2
1362351288.615000	-89.000000	2
1362351288.639000	-89.000000	2
1362351288.719000	-89.000000	2
1362351288.799000	-89.000000	2
1362351288.879000	-90.000000	2
1362351289.015000	-89.000000	2
1362351289.039000	-90.000000	2
1362351289.119000	-90.000000	2
1362351289.199000	-90.000000	2
1362351289.279000	-90.000000	2
1362351289.415000	-89.000000	2
1362351289.439000	-89.000000	2
1362351289.519000	-90.000000	2
1362351289.599000	-89.000000	2
1362351289.679000	-90.000000	2
1362351289.815000	-90.000000	2
1362351289.839000	-90.000000	2
1362351289.919000	-89.000000	2
1362351289.999000	-89.000000	2
1362351290.079000	-89.000000	2
1362351290.215000	-89.000000	2
1362351290.239000	-89.000000	2
1362351290.319000	-89.000000	2
1362351290.399000	-89.000000	2
1362351290.479000	-90.000000	2
1362351290.619000	-89.000000	2
1362351290.639000	-89.000000	2
1362351290.719000	-88.000000	2
1362351290.799000	-89.000000	2
1362351290.879000	-90.000000	2
1362351291.015000	-88.000000	2
1362351291.039000	-89.000000	2
1362351291.119000	-89.000000	2
1362351291.199000	-88.000000	2
1362351291.279000	-89.000000	2
1362351291.419000	-88.000000	2
1362351291.439000	-89.000000	2
1362351291.519000	-90.000000	2
1362351291.599000	-89.000000	2
1362351291.679000	-89.000000	2
1362351291.815000	-88.000000	2
1362351291.839000	-89.000000	2
1362351291.919000	-90.000000	2
1362351291.976000	-90.000000	2
1362351291.985000	-90.000000	2
1362351291.996000	-90.000000	2
1362351291.999000	-89.000000	2
1362351292.065000	-89.000000	2
1362351292.079000	-88.000000	2
1362351292.129000	-88.000000	2
1362351292.155000	-88.000000	2
1362351292.219000	-89.000000	2
1362351292.239000	-89.000000	2
1362351292.245000	-89.000000	2
1362351292.319000	-89.000000	2
1362351292.399000	-88.000000	2
1362351292.479000	-89.000000	2
1362351292.496000	-89.000000	2
1362351292.499000	-89.000000	2
1362351292.500000	-89.000000	2
1362351292.505000	-89.000000	2
1362351292.585000	-89.000000	2
1362351292.615000	-89.000000	2
1362351292.639000	-89.000000	2
1362351292.665000	-89.000000	2
1362351292.719000	-90.000000	2
1362351292.755000	-90.000000	2
1362351292.799000	-89.000000	2
1362351292.835000	-89.000000	2
1362351292.879000	-89.000000	2
1362351293.019000	-90.000000	2
1362351293.039000	-89.000000	2
1362351293.119000	-90.000000	2
1362351293.199000	-89.000000	2
1362351297.690000	-89.000000	2
1362351308.669000	-89.000000	2
1362351308.699000	-90.000000	2
1362351308.719000	-91.000000	2
1362351308.799000	-91.000000	2
1362351308.879000	-91.000000	2
1362351308.959000	-90.000000	2
1362351308.975000	-90.000000	2
1362351309.055000	-90.000000	2
1362351309.093000	-91.000000	2
1362351309.119000	-91.000000	2
1362351309.199000	-90.000000	2
1362351309.276000	-90.000000	2
1362351309.279000	-91.000000	2
1362351309.279000	-91.000000	2
1362351309.280000	-91.000000	2
1362351309.285000	-91.000000	2
1362351309.359000	-91.000000	2
1362351309.365000	-91.000000	2
1362351309.445000	-91.000000	2
1362351309.499000	-92.000000	2
1362351309.515000	-92.000000	2
1362351309.519000	-91.000000	2
1362351309.595000	-91.000000	2
1362351309.599000	-91.000000	2
1362351309.679000	-91.000000	2
1362351309.759000	-90.000000	2
1362351309.895000	-90.000000	2
1362351309.919000	-91.000000	2
1362351314.970000	-91.000000	2
1362351322.749000	-91.000000	2
1362351322.779000	-90.000000	2
1362351322.799000	-90.000000	2
1362351322.879000	-90.000000	2
1362351322.959000	-91.000000	2
1362351323.039000	-91.000000	2
1362351323.065000	-91.000000	2
1362351323.135000	-91.000000	2
1362351323.173000	-90.000000	2
1362351323.199000	-91.000000	2
1362351323.279000	-91.000000	2
1362351323.359000	-91.000000	2
1362351323.366000	-91.000000	2
1362351323.369000	-91.000000	2
1362351323.370000	-91.000000	2
1362351323.375000	-91.000000	2
1362351323.439000	-91.000000	2
1362351323.445000	-91.000000	2
1362351323.515000	-91.000000	2
1362351323.579000	-90.000000	2
1362351323.585000	-90.000000	2
1362351323.599000	-90.000000	2
1362351323.655000	-90.000000	2
1362351323.679000	-90.000000	2
1362351323.759000	-90.000000	2
1362351323.839000	-91.000000	2
1362351323.979000	-90.000000	2
1362351323.999000	-90.000000	2
1362351328.730000	-90.000000	2
1362351339.469000	-90.000000	2
1362351339.495000	-94.000000	2
1362351339.519000	-93.000000	2
1362351339.599000	-94.000000	2
1362351339.679000	-92.000000	2
1362351339.759000	-91.000000	2
1362351339.765000	-91.000000	2
1362351339.835000	-91.000000	2
1362351339.895000	-92.000000	2
1362351339.919000	-92.000000	2
1362351339.999000	-92.000000	2
1362351340.046000	-92.000000	2
1362351340.049000	-92.000000	2
1362351340.050000	-92.000000	2
1362351340.055000	-92.000000	2
1362351340.079000	-92.000000	2
1362351340.115000	-92.000000	2
1362351340.159000	-91.000000	2
1362351340.185000	-91.000000	2
1362351340.245000	-91.000000	2
1362351340.299000	-92.000000	2
1362351340.305000	-92.000000	2
1362351340.319000	-91.000000	2
1362351340.399000	-91.000000	2
1362351340.479000	-92.000000	2
1362351340.559000	-91.000000	2
1362351345.370000	-91.000000	2
1362351354.349000	-91.000000	2
1362351354.375000	-93.000000	2
1362351354.399000	-92.000000	2
1362351354.479000	-93.000000	2
1362351354.559000	-93.000000	2
1362351354.639000	-92.000000	2
1362351354.645000	-92.000000	2
1362351354.715000	-92.000000	2
1362351354.775000	-92.000000	2
1362351354.799000	-93.000000	2
1362351354.879000	-93.000000	2
1362351354.926000	-93.000000	2
1362351354.929000	-93.000000	2
1362351354.930000	-93.000000	2
1362351354.935000	-93.000000	2
1362351354.959000	-93.000000	2
1362351355.005000	-93.000000	2
1362351355.039000	-93.000000	2
1362351355.065000	-93.000000	2
1362351355.125000	-93.000000	2
1362351355.179000	-92.000000	2
1362351355.185000	-92.000000	2
1362351355.199000	-93.000000	2
1362351355.279000	-93.000000	2
1362351355.359000	-92.000000	2
1362351355.439000	-93.000000	2
1362351360.090000	-93.000000	2
1362351370.989000	-93.000000	2
1362351371.019000	-93.000000	2
1362351371.039000	-93.000000	2
1362351371.119000	-93.000000	2
1362351371.199000	-93.000000	2
1362351371.279000	-93.000000	2
1362351371.295000	-93.000000	2
1362351371.365000	-93.000000	2
1362351371.419000	-92.000000	2
1362351371.439000	-92.000000	2
1362351371.519000	-92.000000	2
1362351371.586000	-92.000000	2
1362351371.589000	-92.000000	2
1362351371.590000	-92.000000	2
1362351371.595000	-92.000000	2
1362351371.599000	-92.000000	2
1362351371.665000	-92.000000	2
1362351371.679000	-92.000000	2
1362351371.725000	-92.000000	2
1362351371.795000	-92.000000	2
1362351371.819000	-95.000000	2
1362351371.839000	-93.000000	2
1362351371.855000	-93.000000	2
1362351371.919000	-92.000000	2
1362351371.999000	-93.000000	2
1362351372.079000	-94.000000	2
1362351372.215000	-93.000000	2
1362351372.239000	-93.000000	2
1362351377.050000	-93.000000	2
1362351386.989000	-93.000000	2
1362351387.019000	-93.000000	2
1362351387.039000	-92.000000	2
1362351387.119000	-93.000000	2
1362351387.199000	-92.000000	2
1362351387.275000	-92.000000	2
1362351387.279000	-93.000000	2
1362351387.335000	-93.000000	2
1362351387.419000	-92.000000	2
1362351387.439000	-91.000000	2
1362351387.519000	-91.000000	2
1362351387.546000	-91.000000	2
1362351387.549000	-91.000000	2
1362351387.550000	-91.000000	2
1362351387.555000	-91.000000	2
1362351387.599000	-91.000000	2
1362351387.615000	-91.000000	2
1362351387.675000	-91.000000	2
1362351387.679000	-91.000000	2
1362351387.735000	-91.000000	2
1362351387.795000	-91.000000	2
1362351387.813000	-91.000000	2
1362351387.839000	-92.000000	2
1362351387.919000	-92.000000	2
1362351387.999000	-92.000000	2
1362351388.079000	-93.000000	2
1362351392.730000	-93.000000	2
1362351403.629000	-93.000000	2
1362351403.655000	-92.000000	2
1362351403.679000	-92.000000	2
1362351403.759000	-90.000000	2
1362351403.839000	-90.000000	2
1362351403.919000	-90.000000	2
1362351403.935000	-90.000000	2
1362351403.985000	-90.000000	2
1362351404.059000	-90.000000	2
1362351404.079000	-92.000000	2
1362351404.159000	-90.000000	2
1362351404.206000	-90.000000	2
1362351404.209000	-90.000000	2
1362351404.210000	-90.000000	2
1362351404.215000	-90.000000	2
1362351404.239000	-90.000000	2
1362351404.285000	-90.000000	2
1362351404.319000	-91.000000	2
1362351404.355000	-91.000000	2
1362351404.415000	-91.000000	2
1362351404.455000	-91.000000	2
1362351404.479000	-90.000000	2
1362351404.485000	-90.000000	2
1362351404.559000	-90.000000	2
1362351404.639000	-90.000000	2
1362351404.719000	-90.000000	2
1362351404.855000	-91.000000	2
1362351404.880000	-93.000000	2
1362351409.690000	-93.000000	2
1362351420.589000	-93.000000	2
1362351420.615000	-92.000000	2
1362351420.639000	-91.000000	2
1362351420.719000	-91.000000	2
1362351420.799000	-91.000000	2
1362351420.879000	-91.000000	2
1362351420.895000	-91.000000	2
1362351420.955000	-91.000000	2
1362351421.015000	-91.000000	2
1362351421.039000	-91.000000	2
1362351421.119000	-91.000000	2
1362351421.176000	-91.000000	2
1362351421.179000	-91.000000	2
1362351421.180000	-91.000000	2
1362351421.185000	-91.000000	2
1362351421.199000	-91.000000	2
1362351421.245000	-91.000000	2
1362351421.279000	-92.000000	2
1362351421.305000	-92.000000	2
1362351421.365000	-92.000000	2
1362351421.419000	-91.000000	2
1362351421.425000	-91.000000	2
1362351421.439000	-91.000000	2
1362351421.519000	-90.000000	2
1362351421.599000	-91.000000	2
1362351421.679000	-91.000000	2
1362351421.813000	-90.000000	2
1362351426.330000	-90.000000	2
1362351437.229000	-90.000000	2
1362351437.259000	-91.000000	2
1362351437.279000	-92.000000	2
1362351437.359000	-91.000000	2
1362351437.439000	-92.000000	2
1362351437.519000	-92.000000	2
1362351437.535000	-92.000000	2
1362351437.595000	-92.000000	2
1362351437.659000	-91.000000	2
1362351437.679000	-91.000000	2
1362351437.759000	-91.000000	2
1362351437.826000	-91.000000	2
1362351437.829000	-91.000000	2
1362351437.830000	-91.000000	2
1362351437.835000	-91.000000	2
1362351437.839000	-92.000000	2
1362351437.895000	-92.000000	2
1362351437.919000	-91.000000	2
1362351437.955000	-91.000000	2
1362351438.025000	-91.000000	2
1362351438.059000	-91.000000	2
1362351438.079000	-92.000000	2
1362351438.159000	-92.000000	2
1362351438.239000	-93.000000	2
1362351438.305000	-93.000000	2
1362351438.319000	-92.000000	2
1362351438.459000	-93.000000	2
1362351438.479000	-91.000000	2
1362351438.526000	-91.000000	2
1362351438.559000	-92.000000	2
1362351438.639000	-92.000000	2
1362351438.685000	-92.000000	2
1362351438.719000	-92.000000	2
1362351438.859000	-94.000000	2
1362369441.011000	-93.000000	2
1362369441.091000	-92.000000	2
1362369441.171000	-91.000000	2
1362351441.051000	-91.000000	2
1362351441.189000	-91.000000	2
1362351441.211000	-92.000000	2
1362351441.291000	-91.000000	2
1362351441.371000	-93.000000	2
1362351441.451000	-90.000000	2
1362351441.589000	-92.000000	2
1362351441.611000	-92.000000	2
1362351441.691000	-92.000000	2
1362351441.698000	-92.000000	2
1362351441.709000	-92.000000	2
1362351441.771000	-91.000000	2
1362351441.851000	-91.000000	2
1362351441.991000	-91.000000	2
1362351442.011000	-92.000000	2
1362351442.091000	-93.000000	2
1362351442.171000	-91.000000	2
1362351442.251000	-92.000000	2
1362351442.391000	-93.000000	2
1362351442.411000	-92.000000	2
1362351442.491000	-91.000000	2
1362351442.571000	-92.000000	2
1362351448.423000	-92.000000	2
1362351459.481000	-92.000000	2
1362351459.511000	-90.000000	2
1362351459.531000	-90.000000	2
1362351459.611000	-91.000000	2
1362351459.691000	-91.000000	2
1362351459.771000	-91.000000	2
1362351459.818000	-91.000000	2
1362351459.888000	-91.000000	2
1362351459.909000	-91.000000	2
1362351459.931000	-91.000000	2
1362351460.011000	-91.000000	2
1362351460.091000	-91.000000	2
1362351460.130000	-91.000000	2
1362351460.131000	-91.000000	2
1362351460.133000	-91.000000	2
1362351460.138000	-91.000000	2
1362351460.171000	-91.000000	2
1362351460.218000	-91.000000	2
1362351460.298000	-91.000000	2
1362351460.311000	-90.000000	2
1362351460.331000	-91.000000	2
1362351460.378000	-91.000000	2
1362351460.411000	-91.000000	2
1362351460.458000	-91.000000	2
1362351460.491000	-91.000000	2
1362351460.571000	-91.000000	2
1362351460.711000	-91.000000	2
1362351460.731000	-91.000000	2
1362351460.811000	-91.000000	2
1362351478.761000	-91.000000	2
1362351478.791000	-91.000000	2
1362351478.811000	-92.000000	2
1362351478.891000	-91.000000	2
1362351478.971000	-92.000000	2
1362351479.051000	-91.000000	2
1362351479.148000	-91.000000	2
1362351479.191000	-92.000000	2
1362351479.211000	-91.000000	2
1362351479.218000	-91.000000	2
1362351479.291000	-91.000000	2
1362351479.371000	-91.000000	2
1362351479.440000	-91.000000	2
1362351479.441000	-91.000000	2
1362351479.443000	-91.000000	2
1362351479.449000	-91.000000	2
1362351479.451000	-91.000000	2
1362351479.518000	-91.000000	2
1362351479.588000	-91.000000	2
1362351479.591000	-91.000000	2
1362351479.611000	-91.000000	2
1362351479.659000	-91.000000	2
1362351479.691000	-90.000000	2
1362351479.728000	-90.000000	2
1362351479.771000	-92.000000	2
1362351479.851000	-92.000000	2
1362351479.989000	-91.000000	2
1362351480.011000	-92.000000	2
1362351480.091000	-91.000000	2
1362351484.904000	-91.000000	2
1362351485.310000	-91.000000	2
1362351485.311000	-91.000000	2
1362351485.313000	-91.000000	2
1362351485.318000	-91.000000	2
1362351485.508000	-91.000000	2
1362351485.588000	-91.000000	2
1362351485.881000	-91.000000	2
1362351485.929000	-91.000000	2
1362351485.931000	-91.000000	2
1362351486.011000	-92.000000	2
1362351486.091000	-92.000000	2
1362351486.108000	-92.000000	2
1362351486.159000	-92.000000	2
1362351486.171000	-92.000000	2
1362351486.278000	-92.000000	2
1362351486.309000	-90.000000	2
1362351486.331000	-90.000000	2
1362351486.349000	-90.000000	2
1362351486.411000	-92.000000	2
1362351486.490000	-92.000000	2
1362351486.491000	-92.000000	2
1362351486.498000	-92.000000	2
1362351486.571000	-91.000000	2
1362351495.321000	-91.000000	2
1362351495.351000	-91.000000	2
1362351495.371000	-92.000000	2
1362351495.451000	-90.000000	2
1362351495.531000	-91.000000	2
1362351495.611000	-91.000000	2
1362351495.751000	-91.000000	2
1362351495.771000	-91.000000	2
1362351495.840000	-91.000000	2
1362351495.845000	-91.000000	2
1362351495.848000	-91.000000	2
1362351495.851000	-91.000000	2
1362351495.908000	-91.000000	2
1362351495.931000	-91.000000	2
1362351495.978000	-91.000000	2
1362351496.011000	-91.000000	2
1362351496.151000	-91.000000	2
1362351496.171000	-92.000000	2
1362351496.200000	-92.000000	2
1362351496.208000	-92.000000	2
1362351496.251000	-91.000000	2
1362351496.331000	-91.000000	2
1362351496.411000	-91.000000	2
1362351496.551000	-91.000000	2
1362351496.571000	-91.000000	2
1362351496.651000	-91.000000	2
1362351496.731000	-91.000000	2
1362351496.811000	-91.000000	2
1362351496.951000	-92.000000	2
1362351496.971000	-91.000000	2
1362351497.051000	-91.000000	2
1362351497.131000	-91.000000	2
1362351497.211000	-91.000000	2
1362351497.351000	-91.000000	2
1362351497.371000	-92.000000	2
1362351497.451000	-91.000000	2
1362351497.531000	-92.000000	2
1362351497.611000	-91.000000	2
1362351497.751000	-92.000000	2
1362351497.771000	-91.000000	2
1362351497.851000	-92.000000	2
1362351497.931000	-91.000000	2
1362351498.011000	-91.000000	2
1362351498.151000	-91.000000	2
1362351498.171000	-91.000000	2
1362351498.251000	-91.000000	2
1362351498.331000	-91.000000	2
1362351498.411000	-91.000000	2
1362351498.551000	-91.000000	2
1362351498.571000	-91.000000	2
1362351499.401000	-91.000000	2
1362351499.431000	-91.000000	2
1362351499.451000	-91.000000	2
1362351499.531000	-91.000000	2
1362351499.611000	-91.000000	2
1362351499.691000	-90.000000	2
1362351499.770000	-90.000000	2
1362351499.831000	-90.000000	2
1362351499.851000	-91.000000	2
1362351499.899000	-91.000000	2
1362351499.931000	-91.000000	2
1362351500.441000	-91.000000	2
1362351500.471000	-90.000000	2
1362351500.491000	-91.000000	2
1362351500.571000	-90.000000	2
1362351500.651000	-90.000000	2
1362351500.731000	-90.000000	2
1362351500.871000	-90.000000	2
1362351500.891000	-91.000000	2
1362351500.971000	-91.000000	2
1362351501.051000	-91.000000	2
1362351501.131000	-91.000000	2
1362351501.271000	-91.000000	2
1362351501.291000	-91.000000	2
1362351501.340000	-91.000000	2
1362351501.348000	-91.000000	2
1362351501.371000	-90.000000	2
1362351501.451000	-90.000000	2
1362351501.531000	-90.000000	2
1362351501.671000	-89.000000	2
1362351501.691000	-89.000000	2
1362351501.771000	-90.000000	2
1362351501.851000	-90.000000	2
1362351501.931000	-90.000000	2
1362351502.071000	-90.000000	2
1362351502.091000	-90.000000	2
1362351502.171000	-91.000000	2
1362351502.251000	-91.000000	2
1362351502.331000	-91.000000	2
1362351502.390000	-91.000000	2
1362351502.398000	-91.000000	2
1362351502.469000	-90.000000	2
1362351502.491000	-91.000000	2
1362351502.571000	-90.000000	2
1362351502.651000	-90.000000	2
1362351502.731000	-91.000000	2
1362351502.871000	-90.000000	2
1362351502.891000	-90.000000	2
1362351502.971000	-91.000000	2
1362351503.051000	-90.000000	2
1362351503.131000	-90.000000	2
1362351503.271000	-90.000000	2
1362351503.291000	-91.000000	2
1362351503.371000	-90.000000	2
1362351503.451000	-91.000000	2
1362351503.531000	-91.000000	2
1362351503.671000	-91.000000	2
1362351503.691000	-91.000000	2
1362351503.771000	-91.000000	2
1362351503.851000	-91.000000	2
1362351503.931000	-91.000000	2
1362351504.000000	-91.000000	2
1362351504.008000	-91.000000	2
1362351504.069000	-90.000000	2
1362351504.091000	-91.000000	2
1362351504.171000	-91.000000	2
1362351504.251000	-91.000000	2
1362351504.331000	-91.000000	2
1362351504.471000	-90.000000	2
1362351504.491000	-91.000000	2
1362351504.571000	-91.000000	2
1362351504.651000	-90.000000	2
1362351504.731000	-90.000000	2
1362351504.871000	-90.000000	2
1362351504.891000	-91.000000	2
1362351504.971000	-90.000000	2
1362351505.051000	-90.000000	2
1362351505.131000	-90.000000	2
1362351505.271000	-89.000000	2
1362351505.291000	-90.000000	2
1362351505.371000	-90.000000	2
1362351505.451000	-90.000000	2
1362351505.531000	-90.000000	2
1362351505.671000	-91.000000	2
1362351505.691000	-90.000000	2
1362351505.771000	-90.000000	2
1362351505.851000	-91.000000	2
1362351505.931000	-91.000000	2
1362351506.071000	-90.000000	2
1362351506.091000	-90.000000	2
1362351506.171000	-90.000000	2
1362351506.251000	-90.000000	2
1362351506.331000	-90.000000	2
1362351511.001000	-90.000000	2
1362351511.029000	-90.000000	2
1362351511.051000	-91.000000	2
1362351511.131000	-91.000000	2
1362351511.211000	-91.000000	2
1362351511.291000	-91.000000	2
1362351511.308000	-91.000000	2
1362351511.378000	-91.000000	2
1362351511.426000	-90.000000	2
1362351511.453000	-91.000000	2
1362351511.531000	-91.000000	2
1362351511.611000	-90.000000	2
1362351514.041000	-90.000000	2
1362351514.069000	-91.000000	2
1362351514.091000	-92.000000	2
1362351514.171000	-91.000000	2
1362351514.251000	-91.000000	2
1362351514.278000	-91.000000	2
1362351514.331000	-90.000000	2
1362351514.349000	-90.000000	2
1362351514.390000	-90.000000	2
1362351514.391000	-90.000000	2
1362351514.393000	-90.000000	2
1362351514.418000	-90.000000	2
1362351514.471000	-91.000000	2
1362351514.488000	-91.000000	2
1362351514.491000	-91.000000	2
1362351514.568000	-91.000000	2
1362351514.571000	-91.000000	2
1362351514.590000	-91.000000	2
1362351514.591000	-91.000000	2
1362351514.638000	-91.000000	2
1362351514.651000	-91.000000	2
1362351514.718000	-91.000000	2
1362351514.731000	-91.000000	2
1362351514.789000	-91.000000	2
1362351514.858000	-91.000000	2
1362351514.869000	-91.000000	2
1362351514.891000	-91.000000	2
1362351514.971000	-92.000000	2
1362351515.051000	-91.000000	2
1362351515.131000	-91.000000	2
1362351519.783000	-91.000000	2
1362351519.928000	-91.000000	2
1362351520.008000	-91.000000	2
1362351522.921000	-91.000000	2
1362351522.951000	-91.000000	2
1362351522.971000	-90.000000	2
1362351523.051000	-89.000000	2
1362351523.131000	-89.000000	2
1362351523.178000	-89.000000	2
1362351523.211000	-90.000000	2
1362351523.248000	-90.000000	2
1362351523.300000	-90.000000	2
1362351523.301000	-90.000000	2
1362351523.303000	-90.000000	2
1362351523.318000	-90.000000	2
1362351523.349000	-90.000000	2
1362351523.371000	-89.000000	2
1362351523.389000	-89.000000	2
1362351523.451000	-89.000000	2
1362351523.468000	-89.000000	2
1362351523.480000	-89.000000	2
1362351523.481000	-89.000000	2
1362351523.531000	-90.000000	2
1362351523.548000	-90.000000	2
1362351523.611000	-90.000000	2
1362351523.628000	-90.000000	2
1362351523.708000	-90.000000	2
1362351523.751000	-91.000000	2
1362351523.771000	-89.000000	2
1362351523.778000	-89.000000	2
1362351523.851000	-89.000000	2
1362351523.931000	-89.000000	2
1362351524.011000	-90.000000	2
1362351528.743000	-90.000000	2
1362351535.641000	-90.000000	2
1362351535.669000	-90.000000	2
1362351535.691000	-90.000000	2
1362351535.771000	-91.000000	2
1362351535.851000	-91.000000	2
1362351535.931000	-90.000000	2
1362351535.959000	-90.000000	2
1362351536.029000	-90.000000	2
1362351536.065000	-90.000000	2
1362351536.091000	-90.000000	2
1362351536.171000	-89.000000	2
1362351536.251000	-90.000000	2
1362351536.263000	-90.000000	2
1362351536.268000	-90.000000	2
1362351536.331000	-89.000000	2
1362351536.338000	-89.000000	2
1362351536.418000	-89.000000	2
1362351536.469000	-90.000000	2
1362351536.491000	-90.000000	2
1362351536.571000	-90.000000	2
1362351536.640000	-90.000000	2
1362351536.641000	-90.000000	2
1362351536.645000	-90.000000	2
1362351536.648000	-90.000000	2
1362351536.651000	-90.000000	2
1362351536.729000	-90.000000	2
1362351536.731000	-90.000000	2
1362351536.808000	-90.000000	2
1362351536.869000	-90.000000	2
1362351536.888000	-90.000000	2
1362351536.891000	-89.000000	2
1362351536.959000	-89.000000	2
1362351536.971000	-90.000000	2
1362351537.000000	-90.000000	2
1362351537.001000	-90.000000	2
1362351537.038000	-90.000000	2
1362351537.051000	-91.000000	2
1362351537.108000	-91.000000	2
1362351537.131000	-91.000000	2
1362351537.178000	-91.000000	2
1362351537.249000	-91.000000	2
1362351537.269000	-90.000000	2
1362351537.291000	-90.000000	2
1362351537.318000	-90.000000	2
1362351537.371000	-91.000000	2
1362351537.388000	-91.000000	2
1362351537.451000	-91.000000	2
1362351537.458000	-91.000000	2
1362351537.531000	-90.000000	2
1362351537.665000	-90.000000	2
1362351537.691000	-90.000000	2
1362351537.773000	-90.000000	2
1362351544.743000	-90.000000	2
1362351544.969000	-90.000000	2
1362351544.979000	-90.000000	2
1362351545.049000	-90.000000	2
1362351547.801000	-90.000000	2
1362351547.829000	-90.000000	2
1362351547.851000	-90.000000	2
1362351547.931000	-91.000000	2
1362351547.970000	-91.000000	2
1362351548.011000	-91.000000	2
1362351548.039000	-91.000000	2
1362351548.091000	-91.000000	2
1362351548.108000	-91.000000	2
1362351548.150000	-91.000000	2
1362351548.151000	-91.000000	2
1362351548.153000	-91.000000	2
1362351548.179000	-91.000000	2
1362351548.229000	-90.000000	2
1362351548.248000	-90.000000	2
1362351548.253000	-89.000000	2
1362351548.318000	-89.000000	2
1362351548.330000	-89.000000	2
1362351548.331000	-89.000000	2
1362351548.331000	-91.000000	2
1362351548.378000	-91.000000	2
1362351548.411000	-90.000000	2
1362351548.439000	-90.000000	2
1362351548.491000	-91.000000	2
1362351548.508000	-91.000000	2
1362351548.579000	-91.000000	2
1362351548.631000	-91.000000	2
1362351548.651000	-90.000000	2
1362351548.731000	-91.000000	2
1362351548.811000	-89.000000	2
1362351548.891000	-92.000000	2
1362351553.703000	-92.000000	2
1362351564.361000	-92.000000	2
1362351564.390000	-92.000000	2
1362351564.411000	-89.000000	2
1362351564.491000	-91.000000	2
1362351564.571000	-91.000000	2
1362351564.651000	-91.000000	2
1362351564.678000	-91.000000	2
1362351564.758000	-91.000000	2
1362351564.789000	-91.000000	2
1362351564.811000	-90.000000	2
1362351564.891000	-89.000000	2
1362351564.971000	-89.000000	2
1362351564.990000	-89.000000	2
1362351564.991000	-89.000000	2
1362351564.993000	-89.000000	2
1362351564.999000	-89.000000	2
1362351565.051000	-90.000000	2
1362351565.068000	-90.000000	2
1362351565.138000	-90.000000	2
1362351565.189000	-90.000000	2
1362351565.208000	-90.000000	2
1362351565.211000	-89.000000	2
1362351565.289000	-89.000000	2
1362351565.291000	-90.000000	2
1362351565.371000	-90.000000	2
1362351565.451000	-90.000000	2
1362351565.591000	-90.000000	2
1362351565.611000	-90.000000	2
1362351570.343000	-90.000000	2
1362351572.281000	-90.000000	2
1362351572.313000	-92.000000	2
1362351572.331000	-92.000000	2
1362351572.411000	-91.000000	2
1362351572.491000	-91.000000	2
1362351572.499000	-91.000000	2
1362351572.558000	-91.000000	2
1362351572.571000	-91.000000	2
1362351572.709000	-91.000000	2
1362351572.731000	-91.000000	2
1362351572.780000	-91.000000	2
1362351572.781000	-91.000000	2
1362351572.783000	-91.000000	2
1362351572.788000	-91.000000	2
1362351572.811000	-90.000000	2
1362351572.848000	-90.000000	2
1362351572.891000	-91.000000	2
1362351572.908000	-91.000000	2
1362351572.971000	-91.000000	2
1362351572.979000	-91.000000	2
1362351573.048000	-91.000000	2
1362351573.105000	-92.000000	2
1362351573.131000	-91.000000	2
1362351573.211000	-91.000000	2
1362351573.291000	-91.000000	2
1362351573.371000	-90.000000	2
1362351578.024000	-90.000000	2
1362351588.921000	-90.000000	2
1362351588.951000	-91.000000	2
1362351588.971000	-92.000000	2
1362351589.051000	-91.000000	2
1362351589.131000	-92.000000	2
1362351589.198000	-92.000000	2
1362351589.211000	-91.000000	2
1362351589.258000	-91.000000	2
1362351589.351000	-91.000000	2
1362351589.371000	-92.000000	2
1362351589.451000	-91.000000	2
1362351589.470000	-91.000000	2
1362351589.471000	-91.000000	2
1362351589.473000	-91.000000	2
1362351589.478000	-91.000000	2
1362351589.531000	-90.000000	2
1362351589.538000	-90.000000	2
1362351589.599000	-90.000000	2
1362351589.611000	-91.000000	2
1362351589.668000	-91.000000	2
1362351589.728000	-91.000000	2
1362351589.751000	-91.000000	2
1362351589.771000	-91.000000	2
1362351589.851000	-92.000000	2
1362351589.931000	-91.000000	2
1362351590.011000	-91.000000	2
1362351594.663000	-91.000000	2
1362351597.801000	-91.000000	2
1362351597.829000	-91.000000	2
1362351597.851000	-91.000000	2
1362351597.931000	-90.000000	2
1362351598.011000	-90.000000	2
1362351598.091000	-90.000000	2
1362351598.108000	-90.000000	2
1362351598.178000	-90.000000	2
1362351598.229000	-90.000000	2
1362351598.251000	-89.000000	2
1362351598.331000	-90.000000	2
1362351598.410000	-90.000000	2
1362351598.411000	-90.000000	2
1362351598.411000	-90.000000	2
1362351598.413000	-90.000000	2
1362351598.418000	-90.000000	2
1362351598.489000	-90.000000	2
1362351598.491000	-91.000000	2
1362351598.559000	-91.000000	2
1362351598.629000	-90.000000	2
1362351598.638000	-90.000000	2
1362351598.651000	-90.000000	2
1362351598.718000	-90.000000	2
1362351598.731000	-91.000000	2
1362351598.811000	-91.000000	2
1362351598.891000	-92.000000	2
1362351599.031000	-92.000000	2
1362351599.051000	-91.000000	2
1362351599.131000	-92.000000	2
1362351603.623000	-92.000000	2
1362351614.601000	-92.000000	2
1362351614.631000	-90.000000	2
1362351614.651000	-89.000000	2
1362351614.731000	-89.000000	2
1362351614.811000	-90.000000	2
1362351614.891000	-90.000000	2
1362351614.929000	-90.000000	2
1362351614.999000	-90.000000	2
1362351615.029000	-88.000000	2
1362351615.051000	-89.000000	2
1362351615.131000	-89.000000	2
1362351615.211000	-89.000000	2
1362351615.240000	-89.000000	2
1362351615.241000	-89.000000	2
1362351615.243000	-89.000000	2
1362351615.248000	-89.000000	2
1362351615.291000	-89.000000	2
1362351615.328000	-89.000000	2
1362351615.409000	-89.000000	2
1362351615.431000	-89.000000	2
1362351615.451000	-88.000000	2
1362351615.478000	-88.000000	2
1362351615.531000	-89.000000	2
1362351615.558000	-89.000000	2
1362351615.611000	-89.000000	2
1362351615.691000	-90.000000	2
1362351615.831000	-91.000000	2
1362351615.851000	-91.000000	2
1362351615.931000	-91.000000	2
1362351624.601000	-91.000000	2
1362351624.630000	-93.000000	2
1362351624.651000	-93.000000	2
1362351624.731000	-92.000000	2
1362351624.811000	-90.000000	2
1362351624.891000	-89.000000	2
1362351625.028000	-89.000000	2
1362351625.031000	-89.000000	2
1362351625.051000	-90.000000	2
1362351625.109000	-90.000000	2
1362351625.131000	-90.000000	2
1362351625.211000	-90.000000	2
1362351625.291000	-90.000000	2
1362351625.340000	-90.000000	2
1362351625.341000	-90.000000	2
1362351625.343000	-90.000000	2
1362351625.348000	-90.000000	2
1362351625.418000	-90.000000	2
1362351625.429000	-90.000000	2
1362351625.451000	-90.000000	2
1362351625.489000	-90.000000	2
1362351625.531000	-90.000000	2
1362351625.558000	-90.000000	2
1362351625.611000	-90.000000	2
1362351625.638000	-90.000000	2
1362351625.691000	-92.000000	2
1362351625.831000	-92.000000	2
1362351625.851000	-94.000000	2
1362351625.931000	-93.000000	2
1362351626.011000	-95.000000	2
1362351641.561000	-95.000000	2
1362351641.591000	-90.000000	2
1362351641.611000	-91.000000	2
1362351641.691000	-91.000000	2
1362351641.771000	-92.000000	2
1362351641.851000	-91.000000	2
1362351641.968000	-91.000000	2
1362351641.985000	-92.000000	2
1362351642.011000	-91.000000	2
1362351642.039000	-91.000000	2
1362351642.091000	-90.000000	2
1362351642.171000	-90.000000	2
1362351642.251000	-90.000000	2
1362351642.280000	-90.000000	2
1362351642.281000	-90.000000	2
1362351642.283000	-90.000000	2
1362351642.289000	-90.000000	2
1362351642.368000	-90.000000	2
1362351642.391000	-90.000000	2
1362351642.411000	-91.000000	2
1362351642.438000	-91.000000	2
1362351642.491000	-92.000000	2
1362351642.509000	-92.000000	2
1362351642.571000	-91.000000	2
1362351642.579000	-91.000000	2
1362351642.651000	-90.000000	2
1362351642.789000	-89.000000	2
1362351642.811000	-90.000000	2
1362351642.891000	-91.000000	2
1362351647.784000	-91.000000	2
1362351652.681000	-91.000000	2
1362351652.711000	-91.000000	2
1362351652.731000	-90.000000	2
1362351652.811000	-91.000000	2
1362351652.891000	-90.000000	2
1362351652.971000	-92.000000	2
1362351652.988000	-92.000000	2
1362351653.049000	-92.000000	2
1362351653.111000	-92.000000	2
1362351653.131000	-95.000000	2
1362351653.211000	-94.000000	2
1362351653.270000	-94.000000	2
1362351653.270000	-94.000000	2
1362351653.271000	-94.000000	2
1362351653.279000	-94.000000	2
1362351653.291000	-93.000000	2
1362351653.348000	-93.000000	2
1362351653.371000	-93.000000	2
1362351653.419000	-93.000000	2
1362351653.488000	-93.000000	2
1362351653.511000	-93.000000	2
1362351653.531000	-93.000000	2
1362351653.549000	-93.000000	2
1362351653.611000	-91.000000	2
1362351653.691000	-91.000000	2
1362351653.771000	-91.000000	2
1362351653.909000	-93.000000	2
1362351653.931000	-91.000000	2
1362351658.663000	-91.000000	2
1362351669.481000	-91.000000	2
1362351669.511000	-90.000000	2
1362351669.531000	-91.000000	2
1362351669.611000	-91.000000	2
1362351669.691000	-91.000000	2
1362351669.771000	-91.000000	2
1362351669.778000	-91.000000	2
1362351669.848000	-91.000000	2
1362351669.911000	-91.000000	2
1362351669.931000	-91.000000	2
1362351670.011000	-90.000000	2
1362351670.080000	-90.000000	2
1362351670.081000	-90.000000	2
1362351670.083000	-90.000000	2
1362351670.088000	-90.000000	2
1362351670.093000	-91.000000	2
1362351670.158000	-91.000000	2
1362351670.171000	-92.000000	2
1362351670.218000	-92.000000	2
1362351670.288000	-92.000000	2
1362351670.311000	-92.000000	2
1362351670.331000	-91.000000	2
1362351670.359000	-91.000000	2
1362351670.411000	-91.000000	2
1362351670.491000	-90.000000	2
1362351670.571000	-92.000000	2
1362351670.711000	-91.000000	2
1362351670.731000	-91.000000	2
1362351675.623000	-91.000000	2
1362351681.481000	-91.000000	2
1362351681.513000	-91.000000	2
1362351681.531000	-92.000000	2
1362351681.611000	-91.000000	2
1362351681.691000	-91.000000	2
1362351681.771000	-91.000000	2
1362351681.788000	-91.000000	2
1362351681.859000	-91.000000	2
1362351681.911000	-91.000000	2
1362351681.931000	-91.000000	2
1362351682.011000	-92.000000	2
1362351682.090000	-92.000000	2
1362351682.091000	-92.000000	2
1362351682.091000	-91.000000	2
1362351682.093000	-91.000000	2
1362351682.099000	-91.000000	2
1362351682.169000	-91.000000	2
1362351682.171000	-90.000000	2
1362351682.248000	-90.000000	2
1362351682.311000	-90.000000	2
1362351682.319000	-90.000000	2
1362351682.331000	-91.000000	2
1362351682.388000	-91.000000	2
1362351682.411000	-91.000000	2
1362351682.491000	-91.000000	2
1362351682.571000	-91.000000	2
1362351682.711000	-90.000000	2
1362351682.731000	-90.000000	2
1362351698.281000	-90.000000	2
1362351698.311000	-89.000000	2
1362351698.331000	-89.000000	2
1362351698.411000	-88.000000	2
1362351698.491000	-88.000000	2
1362351698.571000	-88.000000	2
1362351698.678000	-88.000000	2
1362351698.705000	-89.000000	2
1362351698.731000	-89.000000	2
1362351698.748000	-89.000000	2
1362351698.811000	-89.000000	2
1362351698.891000	-91.000000	2
1362351698.971000	-88.000000	2
1362351698.990000	-88.000000	2
1362351698.991000	-88.000000	2
1362351698.993000	-88.000000	2
1362351698.998000	-88.000000	2
1362351699.088000	-88.000000	2
1362351699.111000	-89.000000	2
1362351699.131000	-89.000000	2
1362351699.178000	-89.000000	2
1362351699.211000	-89.000000	2
1362351699.259000	-89.000000	2
1362351699.291000	-90.000000	2
1362351699.328000	-90.000000	2
1362351699.371000	-90.000000	2
1362351699.511000	-89.000000	2
1362351699.531000	-89.000000	2
1362351699.611000	-90.000000	2
1362351699.691000	-90.000000	2
1362351704.423000	-90.000000	2
1362351711.401000	-90.000000	2
1362351711.431000	-90.000000	2
1362351711.451000	-90.000000	2
1362351711.531000	-90.000000	2
1362351711.611000	-90.000000	2
1362351711.691000	-90.000000	2
1362351711.729000	-90.000000	2
1362351711.789000	-90.000000	2
1362351711.831000	-91.000000	2
1362351711.851000	-91.000000	2
1362351711.931000	-91.000000	2
1362351712.011000	-91.000000	2
1362351712.030000	-91.000000	2
1362351712.031000	-91.000000	2
1362351712.033000	-91.000000	2
1362351712.038000	-91.000000	2
1362351712.091000	-92.000000	2
1362351712.108000	-92.000000	2
1362351712.179000	-92.000000	2
1362351712.231000	-90.000000	2
1362351712.248000	-90.000000	2
1362351712.251000	-90.000000	2
1362351712.318000	-90.000000	2
1362351712.331000	-90.000000	2
1362351712.411000	-91.000000	2
1362351712.491000	-91.000000	2
1362351712.540000	-91.000000	2
1362351712.549000	-91.000000	2
1362351712.631000	-91.000000	2
1362351712.651000	-91.000000	2
1362351717.544000	-91.000000	2
1362351728.201000	-91.000000	2
1362351728.231000	-89.000000	2
1362351728.251000	-90.000000	2
1362351728.331000	-90.000000	2
1362351728.411000	-90.000000	2
1362351728.491000	-90.000000	2
1362351728.519000	-90.000000	2
1362351728.588000	-90.000000	2
1362351728.625000	-90.000000	2
1362351728.651000	-90.000000	2
1362351728.731000	-89.000000	2
1362351728.811000	-90.000000	2
1362351728.830000	-90.000000	2
1362351728.831000	-90.000000	2
1362351728.834000	-90.000000	2
1362351728.838000	-90.000000	2
1362351728.891000	-90.000000	2
1362351728.918000	-90.000000	2
1362351728.989000	-90.000000	2
1362351729.023000	-91.000000	2
1362351729.051000	-91.000000	2
1362351729.058000	-91.000000	2
1362351729.128000	-91.000000	2
1362351729.131000	-89.000000	2
1362351729.211000	-90.000000	2
1362351729.291000	-89.000000	2
1362351729.429000	-90.000000	2
1362351729.451000	-90.000000	2
1362351742.281000	-90.000000	2
1362351742.313000	-93.000000	2
1362351742.331000	-92.000000	2
1362351742.411000	-92.000000	2
1362351742.491000	-91.000000	2
1362351742.571000	-91.000000	2
1362351742.678000	-91.000000	2
1362351742.711000	-92.000000	2
1362351742.731000	-91.000000	2
1362351742.748000	-91.000000	2
1362351742.811000	-91.000000	2
1362351742.891000	-92.000000	2
1362351742.971000	-91.000000	2
1362351742.980000	-91.000000	2
1362351742.981000	-91.000000	2
1362351742.983000	-91.000000	2
1362351742.988000	-91.000000	2
1362351743.058000	-91.000000	2
1362351743.111000	-92.000000	2
1362351743.131000	-91.000000	2
1362351743.138000	-91.000000	2
1362351743.211000	-91.000000	2
1362351743.218000	-91.000000	2
1362351743.289000	-91.000000	2
1362351743.291000	-92.000000	2
1362351743.371000	-91.000000	2
1362351743.511000	-93.000000	2
1362351743.531000	-92.000000	2
1362351743.611000	-92.000000	2
1362351748.263000	-92.000000	2
1362351759.161000	-92.000000	2
1362351759.193000	-92.000000	2
1362351759.211000	-90.000000	2
1362351759.291000	-90.000000	2
1362351759.371000	-89.000000	2
1362351759.451000	-90.000000	2
1362351759.479000	-90.000000	2
1362351759.558000	-90.000000	2
1362351759.591000	-90.000000	2
1362351759.611000	-89.000000	2
1362351759.691000	-90.000000	2
1362351759.771000	-90.000000	2
1362351759.790000	-90.000000	2
1362351759.791000	-90.000000	2
1362351759.793000	-90.000000	2
1362351759.798000	-90.000000	2
1362351759.851000	-90.000000	2
1362351759.868000	-90.000000	2
1362351759.948000	-90.000000	2
1362351759.991000	-91.000000	2
1362351760.011000	-90.000000	2
1362351760.018000	-90.000000	2
1362351760.091000	-90.000000	2
1362351760.098000	-90.000000	2
1362351760.171000	-90.000000	2
1362351760.251000	-89.000000	2
1362351760.391000	-90.000000	2
1362351760.411000	-89.000000	2
1362351760.491000	-90.000000	2
1362351765.223000	-90.000000	2
1362351765.600000	-90.000000	2
1362351765.620000	-90.000000	2
1362351765.634000	-90.000000	2
1362351765.719000	-90.000000	2
1362351765.788000	-90.000000	2
1362351766.681000	-90.000000	2
1362351766.709000	-89.000000	2
1362351766.731000	-90.000000	2
1362351766.811000	-90.000000	2
1362351766.891000	-89.000000	2
1362351766.971000	-90.000000	2
1362351767.050000	-90.000000	2
1362351767.051000	-90.000000	2
1362351767.059000	-90.000000	2
1362351767.111000	-90.000000	2
1362351767.128000	-90.000000	2
1362351767.131000	-90.000000	2
1362351767.199000	-90.000000	2
1362351767.211000	-89.000000	2
1362351767.291000	-90.000000	2
1362351767.299000	-90.000000	2
1362351767.369000	-90.000000	2
1362351767.373000	-89.000000	2
1362351767.509000	-90.000000	2
1362351767.531000	-89.000000	2
1362351767.611000	-90.000000	2
1362351767.691000	-89.000000	2
1362351767.771000	-91.000000	2
1362351767.911000	-89.000000	2
1362351767.931000	-91.000000	2
1362351768.011000	-90.000000	2
1362351768.091000	-90.000000	2
1362351768.171000	-90.000000	2
1362351768.311000	-90.000000	2
1362351768.331000	-90.000000	2
1362351768.411000	-90.000000	2
1362351768.491000	-89.000000	2
1362351768.571000	-90.000000	2
1362351768.709000	-89.000000	2
1362351768.731000	-89.000000	2
1362351768.811000	-89.000000	2
1362351768.891000	-90.000000	2
1362351768.971000	-90.000000	2
1362351769.111000	-90.000000	2
1362351769.131000	-90.000000	2
1362351769.211000	-89.000000	2
1362351769.291000	-90.000000	2
1362351769.371000	-91.000000	2
1362351769.511000	-91.000000	2
1362351769.531000	-91.000000	2
1362351769.611000	-91.000000	2
1362351769.691000	-90.000000	2
1362351769.771000	-90.000000	2
1362351770.201000	-90.000000	2
1362351770.229000	-91.000000	2
1362351770.251000	-90.000000	2
1362351770.331000	-90.000000	2
1362351770.411000	-90.000000	2
1362351770.491000	-90.000000	2
1362351770.629000	-91.000000	2
1362351770.651000	-89.000000	2
1362351770.731000	-90.000000	2
1362351774.201000	-90.000000	2
1362351774.231000	-94.000000	2
1362351774.251000	-93.000000	2
1362351774.331000	-93.000000	2
1362351774.411000	-92.000000	2
1362351774.488000	-92.000000	2
1362351774.491000	-93.000000	2
1362351774.548000	-93.000000	2
1362351774.631000	-93.000000	2
1362351774.651000	-92.000000	2
1362351774.731000	-92.000000	2
1362351774.770000	-92.000000	2
1362351774.773000	-92.000000	2
1362351774.774000	-92.000000	2
1362351774.779000	-92.000000	2
1362351774.811000	-92.000000	2
1362351774.839000	-92.000000	2
1362351774.891000	-92.000000	2
1362351774.899000	-92.000000	2
1362351774.959000	-92.000000	2
1362351775.028000	-92.000000	2
1362351775.031000	-93.000000	2
1362351775.051000	-93.000000	2
1362351775.131000	-93.000000	2
1362351775.211000	-92.000000	2
1362351775.291000	-93.000000	2
1362351775.431000	-93.000000	2
1362351779.943000	-93.000000	2
1362351790.921000	-93.000000	2
1362351790.949000	-92.000000	2
1362351790.971000	-92.000000	2
1362351791.051000	-92.000000	2
1362351791.131000	-91.000000	2
1362351791.199000	-91.000000	2
1362351791.211000	-91.000000	2
1362351791.258000	-91.000000	2
1362351791.351000	-91.000000	2
1362351791.371000	-92.000000	2
1362351791.451000	-92.000000	2
1362351791.500000	-92.000000	2
1362351791.500000	-92.000000	2
1362351791.501000	-92.000000	2
1362351791.508000	-92.000000	2
1362351791.531000	-91.000000	2
1362351791.568000	-91.000000	2
1362351791.611000	-91.000000	2
1362351791.628000	-91.000000	2
1362351791.698000	-91.000000	2
1362351791.751000	-91.000000	2
1362351791.769000	-91.000000	2
1362351791.771000	-91.000000	2
1362351791.851000	-92.000000	2
1362351791.931000	-91.000000	2
1362351792.011000	-91.000000	2
1362351792.151000	-92.000000	2
1362351806.841000	-92.000000	2
1362351806.869000	-92.000000	2
1362351806.891000	-93.000000	2
1362351806.971000	-93.000000	2
1362351807.051000	-93.000000	2
1362351807.131000	-92.000000	2
1362351807.239000	-92.000000	2
1362351807.269000	-93.000000	2
1362351807.291000	-93.000000	2
1362351807.318000	-93.000000	2
1362351807.371000	-93.000000	2
1362351807.451000	-93.000000	2
1362351807.531000	-92.000000	2
1362351807.540000	-92.000000	2
1362351807.541000	-92.000000	2
1362351807.543000	-92.000000	2
1362351807.549000	-92.000000	2
1362351807.618000	-92.000000	2
1362351807.671000	-92.000000	2
1362351807.688000	-92.000000	2
1362351807.691000	-92.000000	2
1362351807.758000	-92.000000	2
1362351807.771000	-92.000000	2
1362351807.828000	-92.000000	2
1362351807.851000	-92.000000	2
1362351807.931000	-92.000000	2
1362351808.071000	-93.000000	2
1362351808.091000	-93.000000	2
1362351808.171000	-92.000000	2
1362351814.823000	-92.000000	2
1362351825.801000	-92.000000	2
1362351825.833000	-92.000000	2
1362351825.851000	-92.000000	2
1362351825.931000	-92.000000	2
1362351826.011000	-93.000000	2
1362351826.091000	-94.000000	2
1362351826.119000	-94.000000	2
1362351826.178000	-94.000000	2
1362351826.231000	-92.000000	2
1362351826.251000	-91.000000	2
1362351826.331000	-93.000000	2
1362351826.411000	-92.000000	2
1362351826.420000	-92.000000	2
1362351826.421000	-92.000000	2
1362351826.423000	-92.000000	2
1362351826.428000	-92.000000	2
1362351826.491000	-94.000000	2
1362351826.499000	-94.000000	2
1362351826.558000	-94.000000	2
1362351826.628000	-94.000000	2
1362351826.631000	-94.000000	2
1362351826.651000	-94.000000	2
1362351826.698000	-94.000000	2
1362351826.731000	-92.000000	2
1362351826.811000	-94.000000	2
1362351826.891000	-92.000000	2
1362351827.031000	-92.000000	2
1362351827.051000	-93.000000	2
1362351831.783000	-93.000000	2
1362351835.721000	-93.000000	2
1362351835.753000	-93.000000	2
1362351835.771000	-93.000000	2
1362351835.851000	-92.000000	2
1362351835.931000	-92.000000	2
1362351836.008000	-92.000000	2
1362351836.011000	-92.000000	2
1362351836.068000	-92.000000	2
1362351836.151000	-92.000000	2
1362351836.171000	-92.000000	2
1362351836.251000	-91.000000	2
1362351836.283000	-91.000000	2
1362351836.289000	-91.000000	2
1362351836.331000	-92.000000	2
1362351836.348000	-92.000000	2
1362351836.398000	-92.000000	2
1362351836.411000	-92.000000	2
1362351836.551000	-92.000000	2
1362351836.571000	-93.000000	2
1362351836.600000	-93.000000	2
1362351836.601000	-93.000000	2
1362351836.605000	-93.000000	2
1362351836.608000	-93.000000	2
1362351836.651000	-91.000000	2
1362351836.658000	-91.000000	2
1362351836.719000	-91.000000	2
1362351836.731000	-92.000000	2
1362351836.778000	-92.000000	2
1362351836.811000	-91.000000	2
1362351836.838000	-91.000000	2
1362351836.898000	-91.000000	2
1362351836.951000	-92.000000	2
1362351836.958000	-92.000000	2
1362351836.971000	-92.000000	2
1362351837.018000	-92.000000	2
1362351837.051000	-91.000000	2
1362351837.078000	-91.000000	2
1362351837.131000	-92.000000	2
1362351837.138000	-92.000000	2
1362351837.211000	-91.000000	2
1362351837.351000	-92.000000	2
1362351837.371000	-92.000000	2
1362351837.451000	-91.000000	2
1362351847.143000	-91.000000	2
1362351854.281000	-91.000000	2
1362351854.311000	-91.000000	2
1362351854.331000	-92.000000	2
1362351854.411000	-93.000000	2
1362351854.491000	-92.000000	2
1362351854.568000	-92.000000	2
1362351854.571000	-93.000000	2
1362351854.628000	-93.000000	2
1362351854.689000	-93.000000	2
1362351854.711000	-93.000000	2
1362351854.731000	-91.000000	2
1362351854.738000	-91.000000	2
1362351854.798000	-91.000000	2
1362351854.811000	-92.000000	2
1362351854.858000	-92.000000	2
1362351854.891000	-92.000000	2
1362351854.919000	-92.000000	2
1362351854.971000	-93.000000	2
1362351854.979000	-93.000000	2
1362351855.038000	-93.000000	2
1362351855.098000	-93.000000	2
1362351855.111000	-93.000000	2
1362351855.131000	-92.000000	2
1362351855.158000	-92.000000	2
1362351855.211000	-92.000000	2
1362351855.218000	-92.000000	2
1362351855.278000	-92.000000	2
1362351855.291000	-93.000000	2
1362351855.338000	-93.000000	2
1362351855.371000	-91.000000	2
1362351855.399000	-91.000000	2
1362351855.458000	-91.000000	2
1362351855.511000	-93.000000	2
1362351855.518000	-93.000000	2
1362351855.531000	-93.000000	2
1362351855.579000	-93.000000	2
1362351855.611000	-93.000000	2
1362351855.638000	-93.000000	2
1362351855.691000	-93.000000	2
1362351855.698000	-93.000000	2
1362351855.758000	-93.000000	2
1362351855.771000	-94.000000	2
1362351855.818000	-94.000000	2
1362351855.889000	-94.000000	2
1362351855.909000	-92.000000	2
1362351855.931000	-93.000000	2
1362351855.949000	-93.000000	2
1362351856.008000	-93.000000	2
1362351856.011000	-93.000000	2
1362351856.068000	-93.000000	2
1362351856.091000	-92.000000	2
1362351856.118000	-92.000000	2
1362351856.171000	-92.000000	2
1362351856.179000	-92.000000	2
1362351856.238000	-92.000000	2
1362351856.308000	-92.000000	2
1362351856.311000	-92.000000	2
1362351856.331000	-92.000000	2
1362351856.368000	-92.000000	2
1362351856.411000	-93.000000	2
1362351856.428000	-93.000000	2
1362351856.488000	-93.000000	2
1362351856.491000	-93.000000	2
1362351856.548000	-93.000000	2
1362351856.571000	-93.000000	2
1362351856.609000	-93.000000	2
1362351856.668000	-93.000000	2
1362351856.711000	-93.000000	2
1362351856.731000	-92.000000	2
1362351856.738000	-92.000000	2
1362351856.798000	-92.000000	2
1362351856.811000	-92.000000	2
1362351856.858000	-92.000000	2
1362351856.891000	-92.000000	2
1362351856.918000	-92.000000	2
1362351856.971000	-93.000000	2
1362351856.978000	-93.000000	2
1362351857.038000	-93.000000	2
1362351857.098000	-93.000000	2
1362351857.109000	-93.000000	2
1362351857.131000	-93.000000	2
1362351857.159000	-93.000000	2
1362351857.211000	-93.000000	2
1362351857.219000	-93.000000	2
1362351857.278000	-93.000000	2
1362351857.291000	-93.000000	2
1362351857.338000	-93.000000	2
1362351857.371000	-92.000000	2
1362351857.408000	-92.000000	2
1362351857.458000	-92.000000	2
1362351857.511000	-93.000000	2
1362351857.518000	-93.000000	2
1362351857.531000	-92.000000	2
1362351857.578000	-92.000000	2
1362351857.611000	-92.000000	2
1362351857.649000	-92.000000	2
1362351857.691000	-93.000000	2
1362351857.709000	-93.000000	2
1362351857.768000	-93.000000	2
1362351857.771000	-93.000000	2
1362351857.829000	-93.000000	2
1362351857.898000	-93.000000	2
1362351857.909000	-93.000000	2
1362351857.931000	-92.000000	2
1362351857.959000	-92.000000	2
1362351858.011000	-93.000000	2
1362351858.019000	-93.000000	2
1362351858.079000	-93.000000	2
1362351858.091000	-92.000000	2
1362351858.138000	-92.000000	2
1362351858.171000	-91.000000	2
1362351858.198000	-91.000000	2
1362351858.258000	-91.000000	2
1362351858.311000	-94.000000	2
1362351858.318000	-94.000000	2
1362351858.331000	-93.000000	2
1362351858.378000	-93.000000	2
1362351858.411000	-92.000000	2
1362351858.438000	-92.000000	2
1362351858.491000	-93.000000	2
1362351858.498000	-93.000000	2
1362351858.558000	-93.000000	2
1362351858.571000	-92.000000	2
1362351858.618000	-92.000000	2
1362351858.678000	-92.000000	2
1362351858.711000	-92.000000	2
1362351858.731000	-92.000000	2
1362351858.738000	-92.000000	2
1362351858.798000	-92.000000	2
1362351858.811000	-92.000000	2
1362351858.858000	-92.000000	2
1362351858.891000	-92.000000	2
1362351858.918000	-92.000000	2
1362351858.971000	-93.000000	2
1362351858.979000	-93.000000	2
1362351859.038000	-93.000000	2
1362351859.098000	-93.000000	2
1362351859.109000	-91.000000	2
1362351859.131000	-91.000000	2
1362351859.158000	-91.000000	2
1362351859.211000	-92.000000	2
1362351859.218000	-92.000000	2
1362351859.278000	-92.000000	2
1362351859.291000	-93.000000	2
1362351859.338000	-93.000000	2
1362351859.371000	-90.000000	2
1362351859.409000	-90.000000	2
1362351859.468000	-90.000000	2
1362351859.511000	-93.000000	2
1362351859.519000	-93.000000	2
1362351859.531000	-92.000000	2
1362351859.579000	-92.000000	2
1362351859.611000	-92.000000	2
1362351859.638000	-92.000000	2
1362351859.691000	-93.000000	2
1362351859.699000	-93.000000	2
1362351859.759000	-93.000000	2
1362351859.771000	-92.000000	2
1362351859.819000	-92.000000	2
1362351859.879000	-92.000000	2
1362351859.911000	-92.000000	2
1362351859.931000	-92.000000	2
1362351859.938000	-92.000000	2
1362351859.999000	-92.000000	2
1362351860.011000	-93.000000	2
1362351860.058000	-93.000000	2
1362351860.091000	-92.000000	2
1362351860.119000	-92.000000	2
1362351860.171000	-92.000000	2
1362351860.178000	-92.000000	2
1362351860.238000	-92.000000	2
1362351860.299000	-92.000000	2
1362351860.311000	-92.000000	2
1362351860.331000	-92.000000	2
1362351860.358000	-92.000000	2
1362351860.411000	-93.000000	2
1362351860.418000	-93.000000	2
1362351860.488000	-93.000000	2
1362351860.491000	-93.000000	2
1362351860.548000	-93.000000	2
1362351860.571000	-91.000000	2
1362351860.599000	-91.000000	2
1362351860.659000	-91.000000	2
1362351860.709000	-93.000000	2
1362351860.718000	-93.000000	2
1362351860.731000	-93.000000	2
1362351860.778000	-93.000000	2
1362351860.811000	-92.000000	2
1362351860.838000	-92.000000	2
1362351860.891000	-93.000000	2
1362351860.898000	-93.000000	2
1362351860.958000	-93.000000	2
1362351860.971000	-92.000000	2
1362351861.019000	-92.000000	2
1362351861.089000	-92.000000	2
1362351861.111000	-92.000000	2
1362351861.131000	-93.000000	2
1362351861.158000	-93.000000	2
1362351861.211000	-92.000000	2
1362351861.219000	-92.000000	2
1362351861.278000	-92.000000	2
1362351861.291000	-92.000000	2
1362351861.349000	-92.000000	2
1362351861.371000	-92.000000	2
1362351861.408000	-92.000000	2
1362351861.469000	-92.000000	2
1362351861.511000	-91.000000	2
1362351861.528000	-91.000000	2
1362351861.531000	-93.000000	2
1362351861.598000	-93.000000	2
1362351861.611000	-92.000000	2
1362351861.659000	-92.000000	2
1362351861.691000	-92.000000	2
1362351861.718000	-92.000000	2
1362351861.771000	-92.000000	2
1362351861.778000	-92.000000	2
1362351861.839000	-92.000000	2
1362351861.899000	-92.000000	2
1362351861.911000	-93.000000	2
1362351861.931000	-93.000000	2
1362351861.958000	-93.000000	2
1362351862.011000	-92.000000	2
1362351862.018000	-92.000000	2
1362351862.078000	-92.000000	2
1362351862.091000	-93.000000	2
1362351862.138000	-93.000000	2
1362351862.171000	-92.000000	2
1362351862.208000	-92.000000	2
1362351862.309000	-91.000000	2
1362351862.331000	-93.000000	2
1362351862.379000	-93.000000	2
1362351862.411000	-92.000000	2
1362351862.491000	-92.000000	2
1362351862.571000	-92.000000	2
1362351862.709000	-92.000000	2
1362351862.731000	-91.000000	2
1362351862.749000	-91.000000	2
1362351862.808000	-91.000000	2
1362351862.811000	-91.000000	2
1362351862.878000	-91.000000	2
1362351862.891000	-92.000000	2
1362351862.948000	-92.000000	2
1362351862.971000	-91.000000	2
1362351863.111000	-91.000000	2
1362351863.131000	-92.000000	2
1362351863.211000	-92.000000	2
1362351863.291000	-92.000000	2
1362351863.371000	-93.000000	2
1362351863.511000	-92.000000	2
1362351863.531000	-92.000000	2
1362351863.611000	-91.000000	2
1362351863.691000	-92.000000	2
1362351877.544000	-92.000000	2
1362351885.721000	-92.000000	2
1362351885.749000	-90.000000	2
1362351885.771000	-90.000000	2
1362351885.851000	-90.000000	2
1362351885.931000	-89.000000	2
1362351886.011000	-91.000000	2
1362351886.110000	-91.000000	2
1362351886.118000	-91.000000	2
1362351886.149000	-89.000000	2
1362351886.171000	-90.000000	2
1362351886.251000	-90.000000	2
1362351886.331000	-90.000000	2
1362351886.411000	-90.000000	2
1362351886.551000	-90.000000	2
1362351886.571000	-90.000000	2
1362351886.651000	-90.000000	2
1362351886.731000	-90.000000	2
1362351886.811000	-89.000000	2
1362351886.951000	-90.000000	2
1362351886.971000	-89.000000	2
1362351887.051000	-89.000000	2
1362351887.131000	-90.000000	2
1362351887.211000	-89.000000	2
1362351887.351000	-90.000000	2
1362351887.371000	-90.000000	2
1362351887.451000	-90.000000	2
1362351887.531000	-89.000000	2
1362351887.611000	-90.000000	2
1362351887.751000	-89.000000	2
1362351887.771000	-90.000000	2
1362351887.851000	-90.000000	2
1362351887.931000	-89.000000	2
1362351888.011000	-88.000000	2
1362351888.151000	-90.000000	2
1362351888.171000	-89.000000	2
1362351888.251000	-90.000000	2
1362351888.331000	-90.000000	2
1362351888.411000	-89.000000	2
1362351889.321000	-89.000000	2
1362351889.351000	-88.000000	2
1362351889.371000	-89.000000	2
1362351889.451000	-89.000000	2
1362351889.531000	-89.000000	2
1362351889.611000	-89.000000	2
1362351889.751000	-90.000000	2
1362351889.771000	-89.000000	2
1362351889.851000	-89.000000	2
1362351894.681000	-89.000000	2
1362351894.711000	-92.000000	2
1362351894.731000	-90.000000	2
1362351894.811000	-90.000000	2
1362351894.891000	-90.000000	2
1362351894.971000	-90.000000	2
1362351895.100000	-90.000000	2
1362351895.108000	-90.000000	2
1362351895.111000	-90.000000	2
1362351895.131000	-90.000000	2
1362351895.136000	-90.000000	2
1362351895.168000	-90.000000	2
1362351895.211000	-90.000000	2
1362351895.291000	-90.000000	2
1362351895.371000	-90.000000	2
1362351895.511000	-90.000000	2
1362351895.531000	-90.000000	2
1362351895.611000	-90.000000	2
1362351895.691000	-90.000000	2
1362351895.771000	-91.000000	2
1362351895.911000	-90.000000	2
1362351895.931000	-90.000000	2
1362351896.011000	-90.000000	2
1362351896.091000	-90.000000	2
1362351896.171000	-90.000000	2
1362351896.311000	-91.000000	2
1362351896.331000	-90.000000	2
1362351896.411000	-89.000000	2
1362351896.491000	-89.000000	2
1362351896.571000	-89.000000	2
1362351896.711000	-89.000000	2
1362351896.731000	-89.000000	2
1362351896.811000	-89.000000	2
1362351896.891000	-89.000000	2
1362351896.971000	-88.000000	2
1362351897.109000	-90.000000	2
1362351897.131000	-89.000000	2
1362351897.211000	-88.000000	2
1362351897.291000	-89.000000	2
1362351897.371000	-89.000000	2
1362351897.511000	-89.000000	2
1362351897.531000	-89.000000	2
1362351998.361000	-89.000000	2
1362351998.393000	-89.000000	2
1362351998.411000	-89.000000	2
1362351998.491000	-89.000000	2
1362351998.571000	-89.000000	2
1362351998.651000	-89.000000	2
1362351998.780000	-89.000000	2
1362351998.781000	-89.000000	2
1362351998.788000	-89.000000	2
1362351998.791000	-88.000000	2
1362351998.811000	-88.000000	2
1362351998.849000	-88.000000	2
1362351998.891000	-88.000000	2
1362351998.971000	-88.000000	2
1362351999.051000	-88.000000	2
1362351999.080000	-88.000000	2
1362351999.088000	-88.000000	2
1362351999.088000	-88.000000	2
1362351999.159000	-88.000000	2
1362351999.191000	-89.000000	2
1362351999.211000	-89.000000	2
1362351999.291000	-88.000000	2
1362351999.371000	-90.000000	2
1362351999.451000	-89.000000	2
1362351999.591000	-89.000000	2
1362351999.611000	-88.000000	2
1362351999.691000	-89.000000	2
1362351999.771000	-88.000000	2
1362351999.851000	-88.000000	2
1362351999.991000	-88.000000	2
1362352000.011000	-88.000000	2
1362352000.091000	-88.000000	2
1362352000.171000	-88.000000	2
1362352000.251000	-89.000000	2
1362352000.391000	-89.000000	2
1362352000.411000	-88.000000	2
1362352000.491000	-88.000000	2
1362352000.571000	-89.000000	2
1362352000.600000	-89.000000	2
1362352000.601000	-89.000000	2
1362352000.608000	-89.000000	2
1362352000.651000	-88.000000	2
1362352000.678000	-88.000000	2
1362352000.791000	-88.000000	2
1362352000.811000	-88.000000	2
1362352000.891000	-88.000000	2
1362352000.971000	-88.000000	2
1362352001.051000	-88.000000	2
1362352001.191000	-88.000000	2
1362352001.211000	-88.000000	2
1362352001.291000	-88.000000	2
1362352001.371000	-89.000000	2
1362352001.451000	-88.000000	2
1362352001.591000	-89.000000	2
1362352001.611000	-88.000000	2
1362352001.691000	-88.000000	2
1362352001.771000	-88.000000	2
1362352001.851000	-88.000000	2
1362352001.991000	-88.000000	2
1362352002.011000	-89.000000	2
1362352002.091000	-88.000000	2
1362352002.171000	-90.000000	2
1362352002.251000	-89.000000	2
1362352002.391000	-88.000000	2
1362352002.411000	-89.000000	2
1362352002.491000	-87.000000	2
1362352002.571000	-88.000000	2
1362352002.580000	-88.000000	2
1362352002.581000	-88.000000	2
1362352002.588000	-88.000000	2
1362352002.651000	-88.000000	2
1362352002.659000	-88.000000	2
1362352002.791000	-89.000000	2
1362352002.811000	-89.000000	2
1362352002.891000	-88.000000	2
1362352002.971000	-89.000000	2
1362352003.051000	-88.000000	2
1362352003.191000	-88.000000	2
1362352003.211000	-88.000000	2
1362352003.291000	-88.000000	2
1362352003.371000	-88.000000	2
1362352003.451000	-87.000000	2
1362352003.591000	-88.000000	2
1362352003.611000	-89.000000	2
1362352003.691000	-87.000000	2
1362352003.771000	-88.000000	2
1362352003.851000	-88.000000	2
1362352003.991000	-89.000000	2
1362352004.011000	-88.000000	2
1362352004.091000	-88.000000	2
1362352004.171000	-87.000000	2
1362352004.251000	-87.000000	2
1362352004.391000	-89.000000	2
1362352004.411000	-89.000000	2
1362352004.491000	-88.000000	2
1362352004.571000	-88.000000	2
1362352004.651000	-88.000000	2
1362352004.791000	-89.000000	2
1362352004.811000	-88.000000	2
1362352004.891000	-88.000000	2
1362352004.971000	-88.000000	2
