1362357019.300000	-90.000000	2
1362357019.320000	-90.000000	2
1362357019.400000	-90.000000	2
1362357019.480000	-90.000000	2
1362357019.560000	-89.000000	2
1362357019.565000	-89.000000	2
1362357019.635000	-89.000000	2
1362357019.700000	-90.000000	2
1362357019.720000	-89.000000	2
1362357019.800000	-90.000000	2
1362357019.880000	-90.000000	2
1362357019.910000	-90.000000	2
1362357019.915000	-90.000000	2
1362357019.960000	-91.000000	2
1362357019.985000	-91.000000	2
1362357020.045000	-91.000000	2
1362357020.100000	-90.000000	2
1362357020.120000	-90.000000	2
1362357020.200000	-89.000000	2
1362357020.268000	-89.000000	2
1362357020.270000	-89.000000	2
1362357020.270000	-89.000000	2
1362357020.275000	-89.000000	2
1362357020.280000	-90.000000	2
1362357020.335000	-90.000000	2
1362357020.360000	-90.000000	2
1362357020.395000	-90.000000	2
1362357020.455000	-90.000000	2
1362357020.500000	-92.000000	2
1362357020.515000	-92.000000	2
1362357020.520000	-91.000000	2
1362357020.600000	-89.000000	2
1362357020.680000	-90.000000	2
1362357020.760000	-91.000000	2
1362357020.900000	-90.000000	2
1362357027.090000	-90.000000	2
1362357028.110000	-90.000000	2
1362357028.170000	-90.000000	2
1362357028.250000	-89.000000	2
1362357028.330000	-89.000000	2
1362357028.470000	-89.000000	2
1362357028.490000	-90.000000	2
1362357028.570000	-89.000000	2
1362357028.650000	-88.000000	2
1362357028.730000	-89.000000	2
1362357028.870000	-89.000000	2
1362357028.890000	-90.000000	2
1362357028.970000	-88.000000	2
1362357029.050000	-88.000000	2
1362357029.130000	-88.000000	2
1362357029.270000	-90.000000	2
1362357029.290000	-90.000000	2
1362357029.370000	-90.000000	2
1362357029.450000	-90.000000	2
1362357029.530000	-90.000000	2
1362357032.230000	-90.000000	2
1362357032.260000	-92.000000	2
1362357032.280000	-93.000000	2
1362357032.360000	-92.000000	2
1362357032.440000	-92.000000	2
1362357032.520000	-92.000000	2
1362357032.660000	-92.000000	2
1362357032.680000	-91.000000	2
1362357032.760000	-92.000000	2
1362357037.970000	-92.000000	2
1362357038.105000	-92.000000	2
1362357038.165000	-92.000000	2
1362357038.398000	-92.000000	2
1362357038.400000	-92.000000	2
1362357038.400000	-92.000000	2
1362357038.405000	-92.000000	2
1362357038.465000	-92.000000	2
1362357038.525000	-92.000000	2
1362357038.585000	-92.000000	2
1362357038.645000	-92.000000	2
1362357038.858000	-92.000000	2
1362357038.865000	-92.000000	2
1362357038.990000	-91.000000	2
1362357046.290000	-91.000000	2
1362357047.310000	-91.000000	2
1362357047.370000	-91.000000	2
1362357047.450000	-91.000000	2
1362357047.530000	-91.000000	2
1362357047.670000	-91.000000	2
1362357047.690000	-91.000000	2
1362357047.770000	-91.000000	2
1362357047.850000	-90.000000	2
1362357047.930000	-90.000000	2
1362357048.070000	-91.000000	2
1362357048.090000	-91.000000	2
1362357048.170000	-91.000000	2
1362357048.250000	-92.000000	2
1362357048.330000	-91.000000	2
1362357048.470000	-91.000000	2
1362357048.490000	-91.000000	2
1362357048.570000	-90.000000	2
1362357048.650000	-90.000000	2
1362357048.730000	-90.000000	2
1362357056.870000	-90.000000	2
1362357056.900000	-92.000000	2
1362357056.920000	-93.000000	2
1362357057.000000	-90.000000	2
1362357057.080000	-91.000000	2
1362357057.155000	-91.000000	2
1362357057.160000	-92.000000	2
1362357057.205000	-92.000000	2
1362357057.300000	-92.000000	2
1362357057.320000	-91.000000	2
1362357057.400000	-91.000000	2
1362357057.428000	-91.000000	2
1362357057.429000	-91.000000	2
1362357057.430000	-91.000000	2
1362357057.435000	-91.000000	2
1362357057.480000	-91.000000	2
1362357057.485000	-91.000000	2
1362357057.545000	-91.000000	2
1362357057.560000	-91.000000	2
1362357057.605000	-91.000000	2
1362357057.665000	-91.000000	2
1362357057.700000	-91.000000	2
1362357057.720000	-90.000000	2
1362357057.800000	-91.000000	2
1362357057.880000	-91.000000	2
1362357057.960000	-90.000000	2
1362357062.930000	-90.000000	2
1362357063.065000	-90.000000	2
1362357063.225000	-90.000000	2
1362357063.448000	-90.000000	2
1362357063.450000	-90.000000	2
1362357063.450000	-90.000000	2
1362357063.455000	-90.000000	2
1362357063.515000	-90.000000	2
1362357063.575000	-90.000000	2
1362357063.635000	-90.000000	2
1362357063.705000	-90.000000	2
1362357063.950000	-91.000000	2
1362357064.010000	-92.000000	2
1362357064.090000	-92.000000	2
1362357069.330000	-92.000000	2
1362357079.510000	-92.000000	2
1362357079.540000	-93.000000	2
1362357079.560000	-92.000000	2
1362357079.640000	-93.000000	2
1362357079.720000	-94.000000	2
1362357079.800000	-93.000000	2
1362357079.805000	-93.000000	2
1362357079.865000	-93.000000	2
1362357079.940000	-92.000000	2
1362357079.960000	-93.000000	2
1362357080.040000	-92.000000	2
1362357080.088000	-92.000000	2
1362357080.090000	-92.000000	2
1362357080.090000	-92.000000	2
1362357080.095000	-92.000000	2
1362357080.120000	-93.000000	2
1362357080.155000	-93.000000	2
1362357080.200000	-92.000000	2
1362357080.215000	-92.000000	2
1362357080.275000	-92.000000	2
1362357080.335000	-92.000000	2
1362357080.340000	-93.000000	2
1362357080.360000	-92.000000	2
1362357080.440000	-94.000000	2
1362357080.520000	-93.000000	2
1362357080.600000	-92.000000	2
1362357085.970000	-92.000000	2
1362357086.105000	-92.000000	2
1362357086.165000	-92.000000	2
1362357088.550000	-92.000000	2
1362357088.580000	-91.000000	2
1362357088.600000	-94.000000	2
1362357088.680000	-93.000000	2
1362357088.760000	-92.000000	2
1362357088.775000	-92.000000	2
1362357088.835000	-92.000000	2
1362357088.840000	-93.000000	2
1362357088.898000	-93.000000	2
1362357088.899000	-93.000000	2
1362357088.900000	-93.000000	2
1362357088.905000	-93.000000	2
1362357088.965000	-93.000000	2
1362357088.980000	-93.000000	2
1362357089.000000	-92.000000	2
1362357089.025000	-92.000000	2
1362357089.058000	-92.000000	2
1362357089.059000	-92.000000	2
1362357089.080000	-93.000000	2
1362357089.085000	-93.000000	2
1362357089.145000	-93.000000	2
1362357089.160000	-91.000000	2
1362357089.205000	-91.000000	2
1362357089.240000	-93.000000	2
1362357089.265000	-93.000000	2
1362357089.380000	-92.000000	2
1362357089.400000	-92.000000	2
1362357089.480000	-93.000000	2
1362357089.560000	-92.000000	2
1362357095.110000	-92.000000	2
1362357095.320000	-91.000000	2
1362357095.340000	-93.000000	2
1362357095.400000	-94.000000	2
1362357095.480000	-94.000000	2
1362357095.485000	-94.000000	2
1362357095.545000	-94.000000	2
1362357095.560000	-92.000000	2
1362357095.605000	-92.000000	2
1362357095.700000	-93.000000	2
1362357095.720000	-92.000000	2
1362357095.800000	-93.000000	2
1362357095.858000	-93.000000	2
1362357095.865000	-93.000000	2
1362357095.880000	-92.000000	2
1362357095.960000	-93.000000	2
1362357096.100000	-92.000000	2
1362357096.120000	-92.000000	2
1362357096.200000	-92.000000	2
1362357096.280000	-92.000000	2
1362357096.360000	-92.000000	2
1362357096.500000	-92.000000	2
1362357096.520000	-92.000000	2
1362357096.600000	-94.000000	2
1362357096.680000	-92.000000	2
1362357096.760000	-92.000000	2
1362357096.900000	-93.000000	2
1362357096.920000	-92.000000	2
1362357097.000000	-92.000000	2
1362357097.080000	-93.000000	2
1362357097.160000	-93.000000	2
1362357097.300000	-93.000000	2
1362357097.320000	-92.000000	2
1362357097.400000	-93.000000	2
1362357097.480000	-91.000000	2
1362357097.560000	-92.000000	2
1362357097.700000	-92.000000	2
1362357097.720000	-93.000000	2
1362357097.800000	-94.000000	2
1362357097.880000	-91.000000	2
1362357097.960000	-91.000000	2
1362357098.100000	-92.000000	2
1362357098.120000	-94.000000	2
1362357098.200000	-94.000000	2
1362357099.030000	-94.000000	2
1362357099.060000	-93.000000	2
1362357099.080000	-94.000000	2
1362357099.160000	-93.000000	2
1362357099.240000	-93.000000	2
1362357099.320000	-94.000000	2
1362357099.460000	-92.000000	2
1362357099.480000	-93.000000	2
1362357099.560000	-91.000000	2
1362357105.030000	-91.000000	2
1362357105.060000	-94.000000	2
1362357105.080000	-92.000000	2
1362357105.160000	-94.000000	2
1362357105.240000	-93.000000	2
1362357105.305000	-93.000000	2
1362357105.320000	-93.000000	2
1362357105.365000	-93.000000	2
1362357105.460000	-92.000000	2
1362357105.480000	-92.000000	2
1362357105.560000	-92.000000	2
1362357105.578000	-92.000000	2
1362357105.579000	-92.000000	2
1362357105.580000	-92.000000	2
1362357105.585000	-92.000000	2
1362357105.640000	-93.000000	2
1362357105.645000	-93.000000	2
1362357105.705000	-93.000000	2
1362357105.720000	-93.000000	2
1362357105.765000	-93.000000	2
1362357105.825000	-93.000000	2
1362357105.860000	-93.000000	2
1362357105.880000	-93.000000	2
1362357105.960000	-93.000000	2
1362357106.040000	-93.000000	2
1362357106.120000	-92.000000	2
1362357111.910000	-92.000000	2
1362357111.940000	-92.000000	2
1362357111.960000	-92.000000	2
1362357112.040000	-92.000000	2
1362357112.120000	-92.000000	2
1362357112.200000	-92.000000	2
1362357112.285000	-92.000000	2
1362357112.340000	-92.000000	2
1362357112.345000	-92.000000	2
1362357112.360000	-92.000000	2
1362357112.440000	-92.000000	2
1362357112.520000	-92.000000	2
1362357112.568000	-92.000000	2
1362357112.570000	-92.000000	2
1362357112.570000	-92.000000	2
1362357112.575000	-92.000000	2
1362357112.600000	-93.000000	2
1362357112.635000	-93.000000	2
1362357112.695000	-93.000000	2
1362357112.740000	-93.000000	2
1362357112.755000	-93.000000	2
1362357112.760000	-91.000000	2
1362357112.815000	-91.000000	2
1362357112.840000	-91.000000	2
1362357112.920000	-92.000000	2
1362357113.000000	-92.000000	2
1362357113.140000	-92.000000	2
1362357113.160000	-92.000000	2
1362357128.630000	-92.000000	2
1362357128.660000	-93.000000	2
1362357128.680000	-92.000000	2
1362357128.760000	-93.000000	2
1362357128.840000	-90.000000	2
1362357128.920000	-93.000000	2
1362357129.005000	-93.000000	2
1362357129.060000	-92.000000	2
1362357129.075000	-92.000000	2
1362357129.080000	-92.000000	2
1362357129.160000	-93.000000	2
1362357129.240000	-93.000000	2
1362357129.298000	-93.000000	2
1362357129.299000	-93.000000	2
1362357129.300000	-93.000000	2
1362357129.305000	-93.000000	2
1362357129.320000	-91.000000	2
1362357129.375000	-91.000000	2
1362357129.435000	-91.000000	2
1362357129.460000	-92.000000	2
1362357129.480000	-92.000000	2
1362357129.495000	-92.000000	2
1362357129.545000	-92.000000	2
1362357129.560000	-92.000000	2
1362357129.640000	-91.000000	2
1362357129.720000	-91.000000	2
1362357129.860000	-91.000000	2
1362357129.880000	-92.000000	2
1362357134.610000	-92.000000	2
1362357136.630000	-92.000000	2
1362357136.660000	-91.000000	2
1362357136.680000	-91.000000	2
1362357136.760000	-91.000000	2
1362357136.840000	-90.000000	2
1362357136.875000	-90.000000	2
1362357136.920000	-90.000000	2
1362357136.945000	-90.000000	2
1362357137.060000	-91.000000	2
1362357137.080000	-91.000000	2
1362357137.158000	-91.000000	2
1362357137.160000	-91.000000	2
1362357137.160000	-91.000000	2
1362357137.160000	-91.000000	2
1362357137.165000	-91.000000	2
1362357137.225000	-91.000000	2
1362357137.240000	-91.000000	2
1362357137.285000	-91.000000	2
1362357137.320000	-91.000000	2
1362357137.355000	-91.000000	2
1362357137.425000	-91.000000	2
1362357137.460000	-90.000000	2
1362357137.480000	-91.000000	2
1362357137.560000	-90.000000	2
1362357137.640000	-90.000000	2
1362357137.720000	-91.000000	2
1362357142.290000	-91.000000	2
1362357153.270000	-91.000000	2
1362357153.300000	-85.000000	2
1362357153.320000	-86.000000	2
1362357153.400000	-88.000000	2
1362357153.480000	-86.000000	2
1362357153.560000	-86.000000	2
1362357153.585000	-86.000000	2
1362357153.665000	-86.000000	2
1362357153.700000	-85.000000	2
1362357153.720000	-86.000000	2
1362357153.800000	-85.000000	2
1362357153.880000	-86.000000	2
1362357153.898000	-86.000000	2
1362357153.900000	-86.000000	2
1362357153.900000	-86.000000	2
1362357153.905000	-86.000000	2
1362357153.960000	-87.000000	2
1362357153.985000	-87.000000	2
1362357154.055000	-87.000000	2
1362357154.100000	-86.000000	2
1362357154.120000	-86.000000	2
1362357154.135000	-86.000000	2
1362357154.200000	-87.000000	2
1362357154.205000	-87.000000	2
1362357154.280000	-86.000000	2
1362357154.360000	-86.000000	2
1362357154.500000	-86.000000	2
1362357154.520000	-86.000000	2
1362357154.600000	-88.000000	2
1362357159.570000	-88.000000	2
1362357162.310000	-88.000000	2
1362357162.340000	-87.000000	2
1362357162.360000	-87.000000	2
1362357162.440000	-86.000000	2
1362357162.520000	-86.000000	2
1362357162.600000	-86.000000	2
1362357162.625000	-86.000000	2
1362357162.695000	-86.000000	2
1362357162.740000	-87.000000	2
1362357162.760000	-87.000000	2
1362357162.840000	-87.000000	2
1362357162.920000	-87.000000	2
1362357162.938000	-87.000000	2
1362357162.940000	-87.000000	2
1362357162.940000	-87.000000	2
1362357162.945000	-87.000000	2
1362357163.000000	-86.000000	2
1362357163.015000	-86.000000	2
1362357163.095000	-86.000000	2
1362357163.140000	-86.000000	2
1362357163.160000	-87.000000	2
1362357163.175000	-87.000000	2
1362357163.240000	-86.000000	2
1362357163.245000	-86.000000	2
1362357163.320000	-86.000000	2
1362357163.400000	-86.000000	2
1362357163.540000	-86.000000	2
1362357163.560000	-87.000000	2
1362357163.640000	-86.000000	2
1362357168.530000	-86.000000	2
1362357179.110000	-86.000000	2
1362357179.140000	-88.000000	2
1362357179.160000	-88.000000	2
1362357179.240000	-87.000000	2
1362357179.320000	-86.000000	2
1362357179.400000	-87.000000	2
1362357179.415000	-87.000000	2
1362357179.495000	-87.000000	2
1362357179.540000	-87.000000	2
1362357179.560000	-87.000000	2
1362357179.640000	-87.000000	2
1362357179.718000	-87.000000	2
1362357179.720000	-87.000000	2
1362357179.720000	-87.000000	2
1362357179.720000	-87.000000	2
1362357179.725000	-87.000000	2
1362357179.800000	-87.000000	2
1362357179.805000	-87.000000	2
1362357179.885000	-87.000000	2
1362357179.940000	-86.000000	2
1362357179.960000	-87.000000	2
1362357179.965000	-87.000000	2
1362357180.040000	-87.000000	2
1362357180.045000	-87.000000	2
1362357180.120000	-87.000000	2
1362357180.200000	-87.000000	2
1362357180.268000	-87.000000	2
1362357180.275000	-87.000000	2
1362357180.340000	-88.000000	2
1362357180.360000	-86.000000	2
1362357185.810000	-86.000000	2
1362357189.270000	-86.000000	2
1362357189.300000	-87.000000	2
1362357189.320000	-86.000000	2
1362357189.400000	-87.000000	2
1362357189.480000	-87.000000	2
1362357189.560000	-87.000000	2
1362357189.585000	-87.000000	2
1362357189.665000	-87.000000	2
1362357189.700000	-86.000000	2
1362357189.720000	-87.000000	2
1362357189.800000	-87.000000	2
1362357189.880000	-87.000000	2
1362357189.898000	-87.000000	2
1362357189.900000	-87.000000	2
1362357189.900000	-87.000000	2
1362357189.905000	-87.000000	2
1362357189.960000	-87.000000	2
1362357189.975000	-87.000000	2
1362357190.045000	-87.000000	2
1362357190.100000	-87.000000	2
1362357190.120000	-87.000000	2
1362357190.125000	-87.000000	2
1362357190.195000	-87.000000	2
1362357190.200000	-87.000000	2
1362357190.280000	-87.000000	2
1362357190.360000	-87.000000	2
1362357190.500000	-87.000000	2
1362357190.520000	-87.000000	2
1362357190.600000	-88.000000	2
1362357195.410000	-88.000000	2
1362357206.070000	-88.000000	2
1362357206.100000	-88.000000	2
1362357206.120000	-88.000000	2
1362357206.200000	-88.000000	2
1362357206.280000	-87.000000	2
1362357206.360000	-88.000000	2
1362357206.395000	-88.000000	2
1362357206.465000	-88.000000	2
1362357206.500000	-88.000000	2
1362357206.520000	-88.000000	2
1362357206.600000	-89.000000	2
1362357206.680000	-89.000000	2
1362357206.708000	-89.000000	2
1362357206.709000	-89.000000	2
1362357206.710000	-89.000000	2
1362357206.715000	-89.000000	2
1362357206.760000	-88.000000	2
1362357206.795000	-88.000000	2
1362357206.875000	-88.000000	2
1362357206.900000	-88.000000	2
1362357206.920000	-87.000000	2
1362357206.945000	-87.000000	2
1362357207.000000	-89.000000	2
1362357207.015000	-89.000000	2
1362357207.080000	-88.000000	2
1362357207.160000	-87.000000	2
1362357207.300000	-88.000000	2
1362357207.320000	-89.000000	2
1362357207.400000	-88.000000	2
1362357212.050000	-88.000000	2
1362357217.110000	-88.000000	2
1362357217.140000	-91.000000	2
1362357217.160000	-91.000000	2
1362357217.240000	-90.000000	2
1362357217.320000	-89.000000	2
1362357217.400000	-90.000000	2
1362357217.425000	-90.000000	2
1362357217.495000	-90.000000	2
1362357217.540000	-91.000000	2
1362357217.560000	-90.000000	2
1362357217.640000	-89.000000	2
1362357217.718000	-89.000000	2
1362357217.720000	-89.000000	2
1362357217.720000	-90.000000	2
1362357217.720000	-90.000000	2
1362357217.725000	-90.000000	2
1362357217.795000	-90.000000	2
1362357217.800000	-90.000000	2
1362357217.865000	-90.000000	2
1362357217.925000	-90.000000	2
1362357217.940000	-89.000000	2
1362357217.960000	-90.000000	2
1362357217.995000	-90.000000	2
1362357218.040000	-90.000000	2
1362357218.120000	-92.000000	2
1362357218.200000	-93.000000	2
1362357218.340000	-93.000000	2
1362357218.360000	-93.000000	2
1362357222.930000	-93.000000	2
1362357233.830000	-93.000000	2
1362357233.860000	-93.000000	2
1362357233.880000	-93.000000	2
1362357233.960000	-93.000000	2
1362357234.040000	-93.000000	2
1362357234.120000	-92.000000	2
1362357234.125000	-92.000000	2
1362357234.185000	-92.000000	2
1362357234.260000	-92.000000	2
1362357234.280000	-93.000000	2
1362357234.360000	-92.000000	2
1362357234.408000	-92.000000	2
1362357234.410000	-92.000000	2
1362357234.410000	-92.000000	2
1362357234.415000	-92.000000	2
1362357234.440000	-93.000000	2
1362357234.475000	-93.000000	2
1362357234.520000	-93.000000	2
1362357234.535000	-93.000000	2
1362357234.595000	-93.000000	2
1362357234.655000	-93.000000	2
1362357234.660000	-93.000000	2
1362357234.680000	-93.000000	2
1362357234.760000	-93.000000	2
1362357234.840000	-93.000000	2
1362357234.920000	-93.000000	2
1362357235.060000	-93.000000	2
1362357235.080000	-93.000000	2
1362357243.410000	-93.000000	2
1362357245.910000	-93.000000	2
1362357245.940000	-89.000000	2
1362357245.960000	-89.000000	2
1362357246.040000	-89.000000	2
1362357246.120000	-89.000000	2
1362357246.185000	-89.000000	2
1362357246.200000	-89.000000	2
1362357246.265000	-89.000000	2
1362357246.340000	-87.000000	2
1362357246.360000	-88.000000	2
1362357246.440000	-87.000000	2
1362357246.508000	-87.000000	2
1362357246.510000	-87.000000	2
1362357246.510000	-87.000000	2
1362357246.515000	-87.000000	2
1362357246.520000	-87.000000	2
1362357246.585000	-87.000000	2
1362357246.600000	-86.000000	2
1362357246.665000	-86.000000	2
1362357246.740000	-89.000000	2
1362357246.755000	-89.000000	2
1362357246.760000	-87.000000	2
1362357246.835000	-87.000000	2
1362357246.840000	-86.000000	2
1362357246.920000	-87.000000	2
1362357247.000000	-87.000000	2
1362357247.140000	-87.000000	2
1362357247.160000	-87.000000	2
1362357247.240000	-87.000000	2
1362357251.730000	-87.000000	2
1362357254.630000	-87.000000	2
1362357254.660000	-87.000000	2
1362357254.680000	-86.000000	2
1362357254.760000	-87.000000	2
1362357254.840000	-87.000000	2
1362357254.920000	-87.000000	2
1362357254.975000	-87.000000	2
1362357255.060000	-87.000000	2
1362357255.065000	-87.000000	2
1362357255.080000	-87.000000	2
1362357255.145000	-87.000000	2
1362357255.160000	-87.000000	2
1362357255.225000	-87.000000	2
1362357255.240000	-88.000000	2
1362357255.305000	-88.000000	2
1362357255.320000	-87.000000	2
1362357255.385000	-87.000000	2
1362357255.460000	-86.000000	2
1362357255.475000	-86.000000	2
1362357255.480000	-87.000000	2
1362357255.560000	-86.000000	2
1362357255.565000	-86.000000	2
1362357255.640000	-87.000000	2
1362357255.645000	-87.000000	2
1362357255.720000	-87.000000	2
1362357255.725000	-87.000000	2
1362357255.805000	-87.000000	2
1362357255.860000	-87.000000	2
1362357255.880000	-88.000000	2
1362357255.895000	-88.000000	2
1362357255.960000	-87.000000	2
1362357255.975000	-87.000000	2
1362357256.040000	-86.000000	2
1362357256.055000	-86.000000	2
1362357256.120000	-88.000000	2
1362357256.145000	-88.000000	2
1362357256.225000	-88.000000	2
1362357256.260000	-87.000000	2
1362357256.280000	-87.000000	2
1362357256.315000	-87.000000	2
1362357256.360000	-87.000000	2
1362357256.395000	-87.000000	2
1362357256.440000	-87.000000	2
1362357256.475000	-87.000000	2
1362357256.520000	-87.000000	2
1362357256.565000	-87.000000	2
1362357256.635000	-87.000000	2
1362357256.660000	-87.000000	2
1362357256.680000	-86.000000	2
1362357256.725000	-86.000000	2
1362357256.760000	-87.000000	2
1362357256.815000	-87.000000	2
1362357256.840000	-87.000000	2
1362357256.885000	-87.000000	2
1362357256.920000	-87.000000	2
1362357256.965000	-87.000000	2
1362357257.055000	-87.000000	2
1362357257.060000	-87.000000	2
1362357257.080000	-88.000000	2
1362357257.135000	-88.000000	2
1362357257.160000	-87.000000	2
1362357257.215000	-87.000000	2
1362357257.240000	-88.000000	2
1362357257.295000	-88.000000	2
1362357257.320000	-87.000000	2
1362357257.375000	-87.000000	2
1362357257.460000	-87.000000	2
1362357257.465000	-87.000000	2
1362357257.480000	-87.000000	2
1362357257.545000	-87.000000	2
1362357257.560000	-87.000000	2
1362357257.625000	-87.000000	2
1362357257.640000	-87.000000	2
1362357257.715000	-87.000000	2
1362357257.720000	-87.000000	2
1362357257.805000	-87.000000	2
1362357257.860000	-88.000000	2
1362357257.880000	-87.000000	2
1362357257.960000	-87.000000	2
1362357258.040000	-88.000000	2
1362357258.120000	-88.000000	2
1362357258.260000	-87.000000	2
1362357258.280000	-89.000000	2
1362357258.360000	-87.000000	2
1362357258.440000	-87.000000	2
1362357258.520000	-88.000000	2
1362357278.610000	-88.000000	2
1362357289.270000	-88.000000	2
1362357289.300000	-88.000000	2
1362357289.320000	-87.000000	2
1362357289.400000	-87.000000	2
1362357289.480000	-87.000000	2
1362357289.560000	-87.000000	2
1362357289.595000	-87.000000	2
1362357289.685000	-87.000000	2
1362357289.700000	-88.000000	2
1362357289.720000	-87.000000	2
1362357289.800000	-86.000000	2
1362357289.880000	-85.000000	2
1362357289.938000	-85.000000	2
1362357289.940000	-85.000000	2
1362357289.940000	-85.000000	2
1362357289.946000	-85.000000	2
1362357289.960000	-87.000000	2
1362357290.025000	-87.000000	2
1362357290.100000	-87.000000	2
1362357290.105000	-87.000000	2
1362357290.120000	-88.000000	2
1362357290.185000	-88.000000	2
1362357290.200000	-87.000000	2
1362357290.265000	-87.000000	2
1362357290.280000	-86.000000	2
1362357290.360000	-87.000000	2
1362357290.500000	-87.000000	2
1362357290.520000	-87.000000	2
1362357290.600000	-88.000000	2
1362357295.890000	-88.000000	2
1362357296.368000	-88.000000	2
1362357296.400000	-88.000000	2
1362357296.505000	-88.000000	2
1362357296.585000	-88.000000	2
1362357298.470000	-88.000000	2
1362357298.500000	-85.000000	2
1362357298.520000	-86.000000	2
1362357298.600000	-86.000000	2
1362357298.680000	-86.000000	2
1362357298.760000	-85.000000	2
1362357298.878000	-85.000000	2
1362357298.880000	-85.000000	2
1362357298.885000	-85.000000	2
1362357298.900000	-86.000000	2
1362357298.920000	-86.000000	2
1362357298.965000	-86.000000	2
1362357299.000000	-86.000000	2
1362357299.055000	-86.000000	2
1362357299.080000	-86.000000	2
1362357299.160000	-86.000000	2
1362357299.165000	-86.000000	2
1362357299.255000	-86.000000	2
1362357299.300000	-85.000000	2
1362357299.320000	-85.000000	2
1362357299.400000	-85.000000	2
1362357299.480000	-86.000000	2
1362357299.560000	-86.000000	2
1362357299.700000	-84.000000	2
1362357299.720000	-85.000000	2
1362357299.800000	-86.000000	2
1362357299.880000	-86.000000	2
1362357299.960000	-87.000000	2
1362357300.100000	-85.000000	2
1362357300.120000	-85.000000	2
1362357300.200000	-84.000000	2
1362357300.280000	-85.000000	2
1362357300.360000	-84.000000	2
1362357300.500000	-86.000000	2
1362357300.520000	-85.000000	2
1362357300.600000	-86.000000	2
1362357300.680000	-85.000000	2
1362357300.760000	-86.000000	2
1362357300.900000	-86.000000	2
1362357300.920000	-86.000000	2
1362357301.000000	-86.000000	2
1362357301.080000	-87.000000	2
1362357301.160000	-84.000000	2
1362357301.300000	-86.000000	2
1362357301.320000	-86.000000	2
1362357301.400000	-87.000000	2
1362357301.480000	-86.000000	2
1362357301.560000	-86.000000	2
1362357301.700000	-86.000000	2
1362357302.070000	-86.000000	2
1362357302.100000	-86.000000	2
1362357302.120000	-86.000000	2
1362357302.200000	-86.000000	2
1362357302.280000	-86.000000	2
1362357302.360000	-86.000000	2
1362357302.500000	-86.000000	2
1362357302.520000	-85.000000	2
1362357302.600000	-86.000000	2
1362357302.680000	-85.000000	2
1362357303.430000	-85.000000	2
1362357303.460000	-87.000000	2
1362357303.480000	-86.000000	2
1362357303.560000	-85.000000	2
1362357303.640000	-86.000000	2
1362357303.715000	-86.000000	2
1362357303.720000	-87.000000	2
1362357303.795000	-87.000000	2
1362357303.860000	-86.000000	2
1362357303.880000	-86.000000	2
1362357303.960000	-86.000000	2
1362357304.038000	-86.000000	2
1362357304.040000	-86.000000	2
1362357304.040000	-87.000000	2
1362357304.040000	-87.000000	2
1362357304.045000	-87.000000	2
1362357304.120000	-87.000000	2
1362357304.135000	-87.000000	2
1362357304.215000	-87.000000	2
1362357304.260000	-86.000000	2
1362357304.280000	-86.000000	2
1362357304.295000	-86.000000	2
1362357304.360000	-86.000000	2
1362357304.375000	-86.000000	2
1362357304.440000	-86.000000	2
1362357304.520000	-86.000000	2
1362357304.660000	-86.000000	2
1362357304.680000	-86.000000	2
1362357304.760000	-86.000000	2
1362357309.330000	-86.000000	2
1362357320.150000	-86.000000	2
1362357320.180000	-86.000000	2
1362357320.200000	-86.000000	2
1362357320.280000	-86.000000	2
1362357320.360000	-87.000000	2
1362357320.440000	-86.000000	2
1362357320.485000	-86.000000	2
1362357320.565000	-86.000000	2
1362357320.580000	-86.000000	2
1362357320.600000	-86.000000	2
1362357320.680000	-86.000000	2
1362357320.760000	-86.000000	2
1362357320.808000	-86.000000	2
1362357320.810000	-86.000000	2
1362357320.810000	-86.000000	2
1362357320.815000	-86.000000	2
1362357320.840000	-86.000000	2
1362357320.905000	-86.000000	2
1362357320.980000	-86.000000	2
1362357320.985000	-86.000000	2
1362357321.000000	-86.000000	2
1362357321.065000	-86.000000	2
1362357321.080000	-86.000000	2
1362357321.145000	-86.000000	2
1362357321.160000	-86.000000	2
1362357321.240000	-85.000000	2
1362357321.380000	-85.000000	2
1362357321.400000	-87.000000	2
1362357321.480000	-85.000000	2
1362357326.610000	-85.000000	2
1362357335.270000	-85.000000	2
1362357335.300000	-87.000000	2
1362357335.320000	-89.000000	2
1362357335.400000	-88.000000	2
1362357335.480000	-88.000000	2
1362357335.560000	-88.000000	2
1362357335.575000	-88.000000	2
1362357335.645000	-88.000000	2
1362357335.700000	-87.000000	2
1362357335.720000	-88.000000	2
1362357335.800000	-89.000000	2
1362357335.880000	-89.000000	2
1362357335.888000	-89.000000	2
1362357335.890000	-89.000000	2
1362357335.890000	-89.000000	2
1362357335.896000	-89.000000	2
1362357335.960000	-89.000000	2
1362357335.965000	-89.000000	2
1362357336.035000	-89.000000	2
1362357336.100000	-89.000000	2
1362357336.105000	-89.000000	2
1362357336.120000	-88.000000	2
1362357336.175000	-88.000000	2
1362357336.200000	-89.000000	2
1362357336.280000	-88.000000	2
1362357336.360000	-88.000000	2
1362357336.500000	-89.000000	2
1362357336.520000	-88.000000	2
1362357341.330000	-88.000000	2
1362357351.990000	-88.000000	2
1362357352.020000	-91.000000	2
1362357352.040000	-91.000000	2
1362357352.120000	-92.000000	2
1362357352.200000	-91.000000	2
1362357352.275000	-91.000000	2
1362357352.280000	-92.000000	2
1362357352.335000	-92.000000	2
1362357352.420000	-92.000000	2
1362357352.440000	-92.000000	2
1362357352.520000	-91.000000	2
1362357352.548000	-91.000000	2
1362357352.550000	-91.000000	2
1362357352.550000	-91.000000	2
1362357352.555000	-91.000000	2
1362357352.600000	-93.000000	2
1362357352.615000	-93.000000	2
1362357352.665000	-93.000000	2
1362357352.680000	-92.000000	2
1362357352.735000	-92.000000	2
1362357352.805000	-92.000000	2
1362357352.820000	-91.000000	2
1362357352.840000	-88.000000	2
1362357352.920000	-90.000000	2
1362357353.000000	-90.000000	2
1362357353.080000	-90.000000	2
1362357367.990000	-90.000000	2
1362357368.020000	-90.000000	2
1362357368.040000	-90.000000	2
1362357368.120000	-91.000000	2
1362357368.200000	-92.000000	2
1362357368.280000	-92.000000	2
1362357368.365000	-92.000000	2
1362357368.420000	-92.000000	2
1362357368.425000	-92.000000	2
1362357368.440000	-91.000000	2
1362357368.520000	-92.000000	2
1362357368.600000	-91.000000	2
1362357368.658000	-91.000000	2
1362357368.660000	-91.000000	2
1362357368.660000	-91.000000	2
1362357368.665000	-91.000000	2
1362357368.680000	-90.000000	2
1362357368.736000	-90.000000	2
1362357368.795000	-90.000000	2
1362357368.820000	-93.000000	2
1362357368.840000	-92.000000	2
1362357368.855000	-92.000000	2
1362357368.920000	-92.000000	2
1362357368.925000	-92.000000	2
1362357369.000000	-92.000000	2
1362357369.080000	-91.000000	2
1362357369.220000	-91.000000	2
1362357369.240000	-91.000000	2
1362357373.970000	-91.000000	2
1362357384.790000	-91.000000	2
1362357384.820000	-94.000000	2
1362357384.840000	-93.000000	2
1362357384.920000	-94.000000	2
1362357385.000000	-94.000000	2
1362357385.065000	-94.000000	2
1362357385.080000	-94.000000	2
1362357385.125000	-94.000000	2
1362357385.220000	-92.000000	2
1362357385.240000	-94.000000	2
1362357385.320000	-94.000000	2
1362357385.348000	-94.000000	2
1362357385.350000	-94.000000	2
1362357385.350000	-94.000000	2
1362357385.356000	-94.000000	2
1362357385.400000	-95.000000	2
1362357385.415000	-95.000000	2
1362357385.475000	-95.000000	2
1362357385.480000	-92.000000	2
1362357385.535000	-92.000000	2
1362357385.595000	-92.000000	2
1362357385.620000	-93.000000	2
1362357385.640000	-93.000000	2
1362357385.720000	-92.000000	2
1362357385.800000	-92.000000	2
1362357385.880000	-92.000000	2
1362357391.090000	-92.000000	2
1362357391.190000	-94.000000	2
1362357391.210000	-94.000000	2
1362357391.290000	-91.000000	2
1362357391.370000	-92.000000	2
1362357391.450000	-91.000000	2
1362357391.590000	-92.000000	2
1362357391.610000	-91.000000	2
1362357391.690000	-91.000000	2
1362357400.870000	-91.000000	2
1362357400.900000	-95.000000	2
1362357400.920000	-94.000000	2
1362357401.000000	-93.000000	2
1362357401.080000	-94.000000	2
1362357401.160000	-94.000000	2
1362357401.258000	-94.000000	2
1362357401.260000	-94.000000	2
1362357401.265000	-94.000000	2
1362357401.300000	-94.000000	2
1362357401.320000	-92.000000	2
1362357401.325000	-92.000000	2
1362357401.400000	-93.000000	2
1362357401.480000	-92.000000	2
1362357401.560000	-94.000000	2
1362357401.700000	-100.500000	2
1362357401.721000	-102.000000	2
1362357401.801000	-101.500000	2
1362357401.881000	-101.500000	2
1362357401.906000	-101.500000	2
1362357401.916000	-101.500000	2
1362357401.961000	-101.500000	2
1362357401.975000	-101.500000	2
1362357402.100000	-102.000000	2
1362357402.121000	-102.000000	2
1362357402.201000	-100.500000	2
1362357402.208000	-100.500000	2
1362357402.210000	-100.500000	2
1362357402.210000	-100.500000	2
1362357402.216000	-100.500000	2
1362357402.275000	-100.500000	2
1362357402.281000	-99.500000	2
1362357402.345000	-99.500000	2
1362357402.361000	-98.500000	2
1362357402.415000	-98.500000	2
1362357402.475000	-98.500000	2
1362357402.500000	-98.000000	2
1362357402.521000	-99.500000	2
1362357402.601000	-99.000000	2
1362357402.681000	-99.500000	2
1362357402.761000	-100.000000	2
1362357407.410000	-100.000000	2
1362357418.390000	-100.000000	2
1362357418.420000	-102.000000	2
1362357418.441000	-102.500000	2
1362357418.521000	-103.000000	2
1362357418.601000	-103.500000	2
1362357418.675000	-103.500000	2
1362357418.681000	-104.000000	2
1362357418.735000	-104.000000	2
1362357418.820000	-103.000000	2
1362357418.841000	-101.500000	2
1362357418.921000	-104.000000	2
1362357418.968000	-104.000000	2
1362357418.970000	-104.000000	2
1362357418.970000	-104.000000	2
1362357418.976000	-104.000000	2
1362357419.001000	-103.500000	2
1362357419.035000	-103.500000	2
1362357419.081000	-104.000000	2
1362357419.095000	-104.000000	2
1362357419.155000	-104.000000	2
1362357419.215000	-104.000000	2
1362357419.220000	-106.000000	2
1362357419.241000	-103.000000	2
1362357419.321000	-105.000000	2
1362357419.401000	-104.000000	2
1362357419.481000	-102.500000	2
1362357419.620000	-105.500000	2
1362357425.650000	-105.500000	2
1362357436.550000	-105.500000	2
1362357436.580000	-102.000000	2
1362357436.601000	-102.000000	2
1362357436.681000	-103.000000	2
1362357436.761000	-100.500000	2
1362357436.835000	-100.500000	2
1362357436.841000	-102.500000	2
1362357436.895000	-102.500000	2
1362357436.980000	-103.000000	2
1362357437.001000	-103.000000	2
1362357437.081000	-105.000000	2
1362357437.108000	-105.000000	2
1362357437.110000	-105.000000	2
1362357437.110000	-105.000000	2
1362357437.115000	-105.000000	2
1362357437.161000	-102.000000	2
1362357437.175000	-102.000000	2
1362357437.225000	-102.000000	2
1362357437.241000	-104.000000	2
1362357437.285000	-104.000000	2
1362357437.345000	-104.000000	2
1362357437.380000	-104.000000	2
1362357437.401000	-102.500000	2
1362357437.481000	-104.500000	2
1362357437.558000	-104.500000	2
1362357437.561000	-104.500000	2
1362357437.565000	-104.500000	2
1362357437.641000	-106.000000	2
1362357444.850000	-106.000000	2
1362357455.750000	-106.000000	2
1362357455.780000	-100.500000	2
1362357455.801000	-100.000000	2
1362357455.881000	-100.500000	2
1362357455.961000	-99.500000	2
1362357456.041000	-101.000000	2
1362357456.046000	-101.000000	2
1362357456.105000	-101.000000	2
1362357456.180000	-101.500000	2
1362357456.201000	-100.500000	2
1362357456.281000	-99.500000	2
1362357456.328000	-99.500000	2
1362357456.329000	-99.500000	2
1362357456.330000	-99.500000	2
1362357456.335000	-99.500000	2
1362357456.361000	-100.500000	2
1362357456.405000	-100.500000	2
1362357456.441000	-101.500000	2
1362357456.465000	-101.500000	2
1362357456.525000	-101.500000	2
1362357456.580000	-101.500000	2
1362357456.585000	-101.500000	2
1362357456.601000	-101.000000	2
1362357456.681000	-100.500000	2
1362357456.761000	-101.000000	2
1362357456.808000	-101.000000	2
1362357456.816000	-101.000000	2
1362357456.841000	-100.500000	2
1362357461.810000	-100.500000	2
1362357461.946000	-100.500000	2
1362357462.115000	-100.500000	2
1362357463.670000	-100.500000	2
1362357463.700000	-102.000000	2
1362357463.721000	-102.000000	2
1362357463.801000	-101.500000	2
1362357463.881000	-101.500000	2
1362357463.906000	-101.500000	2
1362357463.961000	-102.000000	2
1362357463.965000	-102.000000	2
1362357464.018000	-102.000000	2
1362357464.020000	-102.000000	2
1362357464.020000	-102.000000	2
1362357464.025000	-102.000000	2
1362357464.085000	-102.000000	2
1362357464.100000	-103.000000	2
1362357464.121000	-103.500000	2
1362357464.145000	-103.500000	2
1362357464.178000	-103.500000	2
1362357464.180000	-103.500000	2
1362357464.201000	-103.500000	2
1362357464.205000	-103.500000	2
1362357464.265000	-103.500000	2
1362357464.281000	-103.000000	2
1362357464.326000	-103.000000	2
1362357464.361000	-103.000000	2
1362357464.385000	-103.000000	2
1362357464.500000	-103.000000	2
1362357464.521000	-102.000000	2
1362357464.601000	-101.500000	2
1362357464.681000	-100.500000	2
1362357469.490000	-100.500000	2
1362357480.230000	-100.500000	2
1362357480.260000	-95.000000	2
1362357480.280000	-96.000000	2
1362357480.360000	-97.000000	2
1362357480.440000	-94.000000	2
1362357480.520000	-96.000000	2
1362357480.525000	-96.000000	2
1362357480.585000	-96.000000	2
1362357480.660000	-96.000000	2
1362357480.680000	-96.000000	2
1362357480.760000	-96.000000	2
1362357480.808000	-96.000000	2
1362357480.809000	-96.000000	2
1362357480.810000	-96.000000	2
1362357480.815000	-96.000000	2
1362357480.840000	-96.000000	2
1362357480.875000	-96.000000	2
1362357480.920000	-95.000000	2
1362357480.945000	-95.000000	2
1362357481.005000	-95.000000	2
1362357481.060000	-96.000000	2
1362357481.065000	-96.000000	2
1362357481.080000	-96.000000	2
1362357481.160000	-97.000000	2
1362357481.240000	-95.000000	2
1362357481.320000	-96.000000	2
1362357481.460000	-96.000000	2
1362357486.130000	-96.000000	2
1362357486.265000	-96.000000	2
1362357486.325000	-96.000000	2
1362357486.558000	-96.000000	2
1362357486.560000	-96.000000	2
1362357486.560000	-96.000000	2
1362357486.665000	-96.000000	2
1362357486.725000	-96.000000	2
1362357486.950000	-96.000000	2
1362357487.160000	-96.000000	2
1362357487.180000	-96.000000	2
1362357487.185000	-96.000000	2
1362357487.240000	-96.000000	2
1362357487.245000	-96.000000	2
1362357487.305000	-96.000000	2
1362357487.320000	-97.000000	2
1362357487.365000	-97.000000	2
1362357487.400000	-97.000000	2
1362357487.465000	-97.000000	2
1362357487.540000	-97.000000	2
1362357487.560000	-97.000000	2
1362357487.640000	-97.000000	2
1362357487.720000	-95.000000	2
1362357492.530000	-95.000000	2
1362357503.270000	-95.000000	2
1362357503.300000	-97.000000	2
1362357503.320000	-95.000000	2
1362357503.400000	-96.000000	2
1362357503.480000	-95.000000	2
1362357503.560000	-94.000000	2
1362357503.566000	-94.000000	2
1362357503.636000	-94.000000	2
1362357503.700000	-96.000000	2
1362357503.720000	-96.000000	2
1362357503.800000	-94.000000	2
1362357503.858000	-94.000000	2
1362357503.860000	-94.000000	2
1362357503.860000	-94.000000	2
1362357503.865000	-94.000000	2
1362357503.880000	-95.000000	2
1362357503.925000	-95.000000	2
1362357503.960000	-94.000000	2
1362357503.985000	-94.000000	2
1362357504.045000	-94.000000	2
1362357504.100000	-96.000000	2
1362357504.105000	-96.000000	2
1362357504.120000	-95.000000	2
1362357504.200000	-95.000000	2
1362357504.280000	-95.000000	2
1362357504.360000	-94.000000	2
1362357509.170000	-94.000000	2
1362357510.230000	-94.000000	2
1362357510.260000	-93.000000	2
1362357510.280000	-93.000000	2
1362357510.360000	-93.000000	2
1362357510.440000	-93.000000	2
1362357510.475000	-93.000000	2
1362357510.520000	-93.000000	2
1362357510.535000	-93.000000	2
1362357510.660000	-92.000000	2
1362357510.680000	-93.000000	2
1362357510.758000	-93.000000	2
1362357510.760000	-93.000000	2
1362357510.760000	-92.000000	2
1362357510.760000	-92.000000	2
1362357510.765000	-92.000000	2
1362357510.835000	-92.000000	2
1362357510.840000	-92.000000	2
1362357510.895000	-92.000000	2
1362357510.920000	-91.000000	2
1362357510.956000	-91.000000	2
1362357511.025000	-91.000000	2
1362357511.060000	-93.000000	2
1362357511.080000	-92.000000	2
1362357511.160000	-92.000000	2
1362357511.240000	-93.000000	2
1362357511.320000	-93.000000	2
1362357515.890000	-93.000000	2
1362357526.870000	-93.000000	2
1362357526.900000	-91.000000	2
1362357526.920000	-91.000000	2
1362357527.000000	-90.000000	2
1362357527.080000	-91.000000	2
1362357527.160000	-92.000000	2
1362357527.175000	-92.000000	2
1362357527.236000	-92.000000	2
1362357527.300000	-93.000000	2
1362357527.320000	-93.000000	2
1362357527.400000	-93.000000	2
1362357527.458000	-93.000000	2
1362357527.460000	-93.000000	2
1362357527.460000	-93.000000	2
1362357527.465000	-93.000000	2
1362357527.480000	-93.000000	2
1362357527.526000	-93.000000	2
1362357527.560000	-91.000000	2
1362357527.595000	-91.000000	2
1362357527.655000	-91.000000	2
1362357527.700000	-91.000000	2
1362357527.715000	-91.000000	2
1362357527.720000	-93.000000	2
1362357527.800000	-92.000000	2
1362357527.880000	-93.000000	2
1362357527.960000	-97.000000	2
1362357528.100000	-96.000000	2
1362357532.850000	-96.000000	2
1362357534.790000	-96.000000	2
1362357534.820000	-92.000000	2
1362357534.840000	-92.000000	2
1362357534.920000	-93.000000	2
1362357535.000000	-92.000000	2
1362357535.025000	-92.000000	2
1362357535.080000	-94.000000	2
1362357535.085000	-94.000000	2
1362357535.220000	-92.000000	2
1362357535.240000	-92.000000	2
1362357535.308000	-92.000000	2
1362357535.309000	-92.000000	2
1362357535.310000	-92.000000	2
1362357535.315000	-92.000000	2
1362357535.320000	-92.000000	2
1362357535.376000	-92.000000	2
1362357535.400000	-91.000000	2
1362357535.436000	-91.000000	2
1362357535.480000	-92.000000	2
1362357535.495000	-92.000000	2
1362357535.555000	-92.000000	2
1362357535.620000	-92.000000	2
1362357535.640000	-92.000000	2
1362357535.720000	-93.000000	2
1362357535.800000	-92.000000	2
1362357535.880000	-92.000000	2
1362357542.770000	-92.000000	2
1362357543.790000	-92.000000	2
1362357543.850000	-92.000000	2
1362357543.930000	-93.000000	2
1362357544.010000	-93.000000	2
1362357551.430000	-93.000000	2
1362357551.460000	-93.000000	2
1362357551.480000	-92.000000	2
1362357551.560000	-93.000000	2
1362357551.640000	-93.000000	2
1362357551.720000	-93.000000	2
1362357551.725000	-93.000000	2
1362357551.785000	-93.000000	2
1362357551.860000	-93.000000	2
1362357551.880000	-93.000000	2
1362357551.960000	-93.000000	2
1362357552.008000	-93.000000	2
1362357552.009000	-93.000000	2
1362357552.010000	-93.000000	2
1362357552.016000	-93.000000	2
1362357552.040000	-93.000000	2
1362357552.075000	-93.000000	2
1362357552.120000	-94.000000	2
1362357552.135000	-94.000000	2
1362357552.195000	-94.000000	2
1362357552.255000	-94.000000	2
1362357552.260000	-91.000000	2
1362357552.280000	-92.000000	2
1362357552.360000	-91.000000	2
1362357552.440000	-92.000000	2
1362357552.520000	-94.000000	2
1362357557.170000	-94.000000	2
1362357560.310000	-94.000000	2
1362357560.340000	-95.000000	2
1362357560.360000	-94.000000	2
1362357560.440000	-94.000000	2
1362357560.520000	-94.000000	2
1362357560.600000	-94.000000	2
1362357560.606000	-94.000000	2
1362357560.665000	-94.000000	2
1362357560.740000	-94.000000	2
1362357560.760000	-95.000000	2
1362357560.840000	-95.000000	2
1362357560.888000	-95.000000	2
1362357560.890000	-95.000000	2
1362357560.890000	-95.000000	2
1362357560.896000	-95.000000	2
1362357560.920000	-94.000000	2
1362357560.955000	-94.000000	2
1362357561.000000	-93.000000	2
1362357561.006000	-93.000000	2
1362357561.065000	-93.000000	2
1362357561.125000	-93.000000	2
1362357561.140000	-94.000000	2
1362357561.160000	-95.000000	2
1362357561.240000	-95.000000	2
1362357561.320000	-94.000000	2
1362357561.400000	-94.000000	2
1362357566.130000	-94.000000	2
1362357576.950000	-94.000000	2
1362357576.980000	-93.000000	2
1362357577.000000	-94.000000	2
1362357577.080000	-93.000000	2
1362357577.160000	-92.000000	2
1362357577.240000	-92.000000	2
1362357577.245000	-92.000000	2
1362357577.305000	-92.000000	2
1362357577.380000	-92.000000	2
1362357577.400000	-94.000000	2
1362357577.480000	-92.000000	2
1362357577.528000	-92.000000	2
1362357577.530000	-92.000000	2
1362357577.530000	-92.000000	2
1362357577.536000	-92.000000	2
1362357577.560000	-93.000000	2
1362357577.595000	-93.000000	2
1362357577.640000	-92.000000	2
1362357577.655000	-92.000000	2
1362357577.715000	-92.000000	2
1362357577.776000	-92.000000	2
1362357577.780000	-94.000000	2
1362357577.800000	-91.000000	2
1362357577.880000	-92.000000	2
1362357577.960000	-91.000000	2
1362357578.040000	-92.000000	2
1362357582.770000	-92.000000	2
1362357586.790000	-92.000000	2
1362357586.820000	-92.000000	2
1362357586.840000	-94.000000	2
1362357586.920000	-92.000000	2
1362357587.000000	-93.000000	2
1362357587.075000	-93.000000	2
1362357587.080000	-93.000000	2
1362357587.136000	-93.000000	2
1362357587.220000	-93.000000	2
1362357587.240000	-93.000000	2
1362357587.320000	-93.000000	2
1362357587.348000	-93.000000	2
1362357587.349000	-93.000000	2
1362357587.350000	-93.000000	2
1362357587.356000	-93.000000	2
1362357587.400000	-93.000000	2
1362357587.415000	-93.000000	2
1362357587.476000	-93.000000	2
1362357587.480000	-94.000000	2
1362357587.536000	-94.000000	2
1362357587.595000	-94.000000	2
1362357587.620000	-93.000000	2
1362357587.640000	-93.000000	2
1362357587.720000	-93.000000	2
1362357587.800000	-93.000000	2
1362357587.880000	-93.000000	2
1362357592.370000	-93.000000	2
1362357603.510000	-93.000000	2
1362357603.540000	-93.000000	2
1362357603.560000	-93.000000	2
1362357603.640000	-93.000000	2
1362357603.720000	-93.000000	2
1362357603.795000	-93.000000	2
1362357603.800000	-93.000000	2
1362357603.856000	-93.000000	2
1362357603.940000	-93.000000	2
1362357603.960000	-92.000000	2
1362357604.040000	-92.000000	2
1362357604.068000	-92.000000	2
1362357604.070000	-92.000000	2
1362357604.070000	-92.000000	2
1362357604.075000	-92.000000	2
1362357604.120000	-93.000000	2
1362357604.135000	-93.000000	2
1362357604.195000	-93.000000	2
1362357604.200000	-92.000000	2
1362357604.255000	-92.000000	2
1362357604.315000	-92.000000	2
1362357604.340000	-93.000000	2
1362357604.360000	-91.000000	2
1362357604.440000	-92.000000	2
1362357604.520000	-92.000000	2
1362357604.600000	-92.000000	2
1362357609.330000	-92.000000	2
1362357614.390000	-92.000000	2
1362357614.420000	-92.000000	2
1362357614.440000	-93.000000	2
1362357614.520000	-91.000000	2
1362357614.600000	-93.000000	2
1362357614.680000	-92.000000	2
1362357614.686000	-92.000000	2
1362357614.745000	-92.000000	2
1362357614.820000	-92.000000	2
1362357614.840000	-92.000000	2
1362357614.920000	-92.000000	2
1362357614.958000	-92.000000	2
1362357614.960000	-92.000000	2
1362357614.960000	-92.000000	2
1362357614.965000	-92.000000	2
1362357615.000000	-93.000000	2
1362357615.025000	-93.000000	2
1362357615.080000	-92.000000	2
1362357615.085000	-92.000000	2
1362357615.145000	-92.000000	2
1362357615.206000	-92.000000	2
1362357615.220000	-93.000000	2
1362357615.240000	-94.000000	2
1362357615.320000	-92.000000	2
1362357615.400000	-93.000000	2
1362357615.480000	-93.000000	2
1362357620.210000	-93.000000	2
1362357631.110000	-93.000000	2
1362357631.140000	-95.000000	2
1362357631.160000	-93.000000	2
1362357631.240000	-93.000000	2
1362357631.320000	-93.000000	2
1362357631.386000	-93.000000	2
1362357631.400000	-93.000000	2
1362357631.445000	-93.000000	2
1362357631.540000	-93.000000	2
1362357631.560000	-92.000000	2
1362357631.640000	-94.000000	2
1362357631.658000	-94.000000	2
1362357631.660000	-94.000000	2
1362357631.660000	-94.000000	2
1362357631.665000	-94.000000	2
1362357631.720000	-94.000000	2
1362357631.725000	-94.000000	2
1362357631.786000	-94.000000	2
1362357631.800000	-93.000000	2
1362357631.845000	-93.000000	2
1362357631.905000	-93.000000	2
1362357631.940000	-94.000000	2
1362357631.960000	-93.000000	2
1362357632.040000	-93.000000	2
1362357632.120000	-93.000000	2
1362357632.200000	-92.000000	2
1362357637.170000	-92.000000	2
1362357642.790000	-92.000000	2
1362357642.820000	-92.000000	2
1362357642.840000	-94.000000	2
1362357642.854000	-94.000000	2
1362357642.920000	-94.000000	2
1362357643.000000	-95.000000	2
1362357643.076000	-95.000000	2
1362357643.080000	-94.000000	2
1362357643.135000	-94.000000	2
1362357643.178000	-94.000000	2
1362357643.195000	-94.000000	2
1362357643.220000	-94.000000	2
1362357643.240000	-95.000000	2
1362357643.320000	-94.000000	2
1362357643.358000	-94.000000	2
1362357643.359000	-94.000000	2
1362357643.360000	-94.000000	2
1362357643.365000	-94.000000	2
1362357643.400000	-95.000000	2
1362357643.425000	-95.000000	2
1362357643.480000	-94.000000	2
1362357643.486000	-94.000000	2
1362357643.545000	-94.000000	2
1362357643.606000	-94.000000	2
1362357643.620000	-95.000000	2
1362357643.640000	-95.000000	2
1362357643.720000	-95.000000	2
1362357643.800000	-94.000000	2
1362357643.880000	-94.000000	2
1362357648.370000	-94.000000	2
1362357659.510000	-94.000000	2
1362357659.540000	-92.000000	2
1362357659.560000	-93.000000	2
1362357659.640000	-93.000000	2
1362357659.720000	-92.000000	2
1362357659.795000	-92.000000	2
1362357659.800000	-93.000000	2
1362357659.856000	-93.000000	2
1362357659.940000	-93.000000	2
1362357659.960000	-92.000000	2
1362357660.040000	-91.000000	2
1362357660.068000	-91.000000	2
1362357660.070000	-91.000000	2
1362357660.071000	-91.000000	2
1362357660.075000	-91.000000	2
1362357660.120000	-92.000000	2
1362357660.135000	-92.000000	2
1362357660.195000	-92.000000	2
1362357660.200000	-92.000000	2
1362357660.255000	-92.000000	2
1362357660.326000	-92.000000	2
1362357660.340000	-93.000000	2
1362357660.360000	-92.000000	2
1362357660.440000	-93.000000	2
1362357660.520000	-93.000000	2
1362357660.600000	-93.000000	2
1362357660.740000	-92.000000	2
1362357665.810000	-92.000000	2
1362357665.910000	-94.000000	2
1362357665.930000	-94.000000	2
1362357666.010000	-94.000000	2
1362357666.090000	-94.000000	2
1362357666.170000	-93.000000	2
1362357666.310000	-92.000000	2
1362357666.330000	-93.000000	2
1362357672.550000	-93.000000	2
1362357672.580000	-94.000000	2
1362357672.600000	-94.000000	2
1362357672.680000	-95.000000	2
1362357672.760000	-94.000000	2
1362357672.825000	-94.000000	2
1362357672.840000	-93.000000	2
1362357672.885000	-93.000000	2
1362357672.980000	-93.000000	2
1362357673.000000	-92.000000	2
1362357673.080000	-94.000000	2
1362357673.108000	-94.000000	2
1362357673.110000	-94.000000	2
1362357673.110000	-94.000000	2
1362357673.115000	-94.000000	2
1362357673.160000	-94.000000	2
1362357673.175000	-94.000000	2
1362357673.235000	-94.000000	2
1362357673.240000	-94.000000	2
1362357673.296000	-94.000000	2
1362357673.355000	-94.000000	2
1362357673.380000	-94.000000	2
1362357673.400000	-94.000000	2
1362357673.480000	-94.000000	2
1362357673.560000	-93.000000	2
1362357673.640000	-94.000000	2
1362357678.610000	-94.000000	2
1362357689.190000	-94.000000	2
1362357689.220000	-95.000000	2
1362357689.240000	-93.000000	2
1362357689.320000	-94.000000	2
1362357689.400000	-92.000000	2
1362357689.476000	-92.000000	2
1362357689.480000	-92.000000	2
1362357689.536000	-92.000000	2
1362357689.620000	-92.000000	2
1362357689.640000	-91.000000	2
1362357689.720000	-93.000000	2
1362357689.758000	-93.000000	2
1362357689.760000	-93.000000	2
1362357689.760000	-93.000000	2
1362357689.765000	-93.000000	2
1362357689.800000	-93.000000	2
1362357689.825000	-93.000000	2
1362357689.880000	-93.000000	2
1362357689.885000	-93.000000	2
1362357689.945000	-93.000000	2
1362357690.005000	-93.000000	2
1362357690.020000	-93.000000	2
1362357690.040000	-93.000000	2
1362357690.120000	-93.000000	2
1362357690.200000	-92.000000	2
1362357690.280000	-93.000000	2
1362357695.250000	-93.000000	2
1362357703.110000	-93.000000	2
1362357703.140000	-94.000000	2
1362357703.160000	-93.000000	2
1362357703.240000	-92.000000	2
1362357703.320000	-93.000000	2
1362357703.395000	-93.000000	2
1362357703.400000	-94.000000	2
1362357703.456000	-94.000000	2
1362357703.540000	-94.000000	2
1362357703.560000	-95.000000	2
1362357703.640000	-95.000000	2
1362357703.668000	-95.000000	2
1362357703.669000	-95.000000	2
1362357703.670000	-95.000000	2
1362357703.675000	-95.000000	2
1362357703.720000	-96.000000	2
1362357703.735000	-96.000000	2
1362357703.795000	-96.000000	2
1362357703.800000	-95.000000	2
1362357703.855000	-95.000000	2
1362357703.915000	-95.000000	2
1362357703.940000	-93.000000	2
1362357703.960000	-93.000000	2
1362357704.040000	-94.000000	2
1362357704.120000	-93.000000	2
1362357704.200000	-94.000000	2
1362357709.330000	-94.000000	2
1362357719.830000	-94.000000	2
1362357719.860000	-95.000000	2
1362357719.880000	-95.000000	2
1362357719.960000	-96.000000	2
1362357720.040000	-96.000000	2
1362357720.105000	-96.000000	2
1362357720.120000	-95.000000	2
1362357720.166000	-95.000000	2
1362357720.260000	-95.000000	2
1362357720.280000	-96.000000	2
1362357720.360000	-95.000000	2
1362357720.388000	-95.000000	2
1362357720.390000	-95.000000	2
1362357720.390000	-95.000000	2
1362357720.395000	-95.000000	2
1362357720.440000	-94.000000	2
1362357720.455000	-94.000000	2
1362357720.516000	-94.000000	2
1362357720.520000	-96.000000	2
1362357720.575000	-96.000000	2
1362357720.635000	-96.000000	2
1362357720.660000	-96.000000	2
1362357720.680000	-96.000000	2
1362357720.760000	-96.000000	2
1362357720.840000	-95.000000	2
1362357720.920000	-97.000000	2
1362357725.970000	-97.000000	2
1362357734.790000	-97.000000	2
1362357734.820000	-95.000000	2
1362357734.840000	-95.000000	2
1362357734.920000	-94.000000	2
1362357735.000000	-95.000000	2
1362357735.080000	-96.000000	2
1362357735.085000	-96.000000	2
1362357735.145000	-96.000000	2
1362357735.220000	-95.000000	2
1362357735.240000	-95.000000	2
1362357735.320000	-96.000000	2
1362357735.368000	-96.000000	2
1362357735.370000	-96.000000	2
1362357735.370000	-96.000000	2
1362357735.376000	-96.000000	2
1362357735.400000	-94.000000	2
1362357735.435000	-94.000000	2
1362357735.480000	-96.000000	2
1362357735.495000	-96.000000	2
1362357735.556000	-96.000000	2
1362357735.616000	-96.000000	2
1362357735.620000	-95.000000	2
1362357735.640000	-95.000000	2
1362357735.720000	-96.000000	2
1362357735.800000	-96.000000	2
1362357735.880000	-96.000000	2
1362357740.690000	-96.000000	2
1362357751.510000	-96.000000	2
1362357751.540000	-95.000000	2
1362357751.560000	-94.000000	2
1362357751.640000	-95.000000	2
1362357751.720000	-95.000000	2
1362357751.796000	-95.000000	2
1362357751.800000	-95.000000	2
1362357751.855000	-95.000000	2
1362357751.940000	-94.000000	2
1362357751.960000	-95.000000	2
1362357752.040000	-95.000000	2
1362357752.068000	-95.000000	2
1362357752.070000	-95.000000	2
1362357752.070000	-95.000000	2
1362357752.075000	-95.000000	2
1362357752.120000	-95.000000	2
1362357752.125000	-95.000000	2
1362357752.185000	-95.000000	2
1362357752.200000	-95.000000	2
1362357752.245000	-95.000000	2
1362357752.305000	-95.000000	2
1362357752.340000	-95.000000	2
1362357752.360000	-95.000000	2
1362357752.440000	-95.000000	2
1362357752.520000	-95.000000	2
1362357752.600000	-95.000000	2
1362357757.970000	-95.000000	2
1362357767.670000	-95.000000	2
1362357767.700000	-95.000000	2
1362357767.720000	-94.000000	2
1362357767.800000	-95.000000	2
1362357767.880000	-93.000000	2
1362357767.960000	-95.000000	2
1362357767.966000	-95.000000	2
1362357768.025000	-95.000000	2
1362357768.100000	-95.000000	2
1362357768.120000	-93.000000	2
1362357768.200000	-93.000000	2
1362357768.248000	-93.000000	2
1362357768.250000	-93.000000	2
1362357768.250000	-93.000000	2
1362357768.256000	-93.000000	2
1362357768.280000	-93.000000	2
1362357768.315000	-93.000000	2
1362357768.360000	-95.000000	2
1362357768.365000	-95.000000	2
1362357768.425000	-95.000000	2
1362357768.486000	-95.000000	2
1362357768.500000	-94.000000	2
1362357768.520000	-93.000000	2
1362357768.600000	-95.000000	2
1362357768.680000	-94.000000	2
1362357768.760000	-94.000000	2
1362357775.250000	-94.000000	2
1362357785.830000	-94.000000	2
1362357785.860000	-93.000000	2
1362357785.880000	-94.000000	2
1362357785.960000	-94.000000	2
1362357786.040000	-93.000000	2
1362357786.115000	-93.000000	2
1362357786.120000	-94.000000	2
1362357786.175000	-94.000000	2
1362357786.260000	-94.000000	2
1362357786.280000	-94.000000	2
1362357786.360000	-94.000000	2
1362357786.388000	-94.000000	2
1362357786.390000	-94.000000	2
1362357786.390000	-94.000000	2
1362357786.395000	-94.000000	2
1362357786.440000	-93.000000	2
1362357786.455000	-93.000000	2
1362357786.516000	-93.000000	2
1362357786.520000	-94.000000	2
1362357786.576000	-94.000000	2
1362357786.635000	-94.000000	2
1362357786.660000	-94.000000	2
1362357786.680000	-94.000000	2
1362357786.760000	-95.000000	2
1362357786.840000	-94.000000	2
1362357786.920000	-94.000000	2
1362357791.890000	-94.000000	2
1362357802.710000	-94.000000	2
1362357802.740000	-93.000000	2
1362357802.760000	-92.000000	2
1362357802.840000	-93.000000	2
1362357802.920000	-93.000000	2
1362357802.996000	-93.000000	2
1362357803.000000	-93.000000	2
1362357803.056000	-93.000000	2
1362357803.140000	-92.000000	2
1362357803.160000	-93.000000	2
1362357803.240000	-93.000000	2
1362357803.278000	-93.000000	2
1362357803.280000	-93.000000	2
1362357803.280000	-93.000000	2
1362357803.285000	-93.000000	2
1362357803.320000	-93.000000	2
1362357803.345000	-93.000000	2
1362357803.400000	-93.000000	2
1362357803.405000	-93.000000	2
1362357803.465000	-93.000000	2
1362357803.526000	-93.000000	2
1362357803.540000	-94.000000	2
1362357803.560000	-93.000000	2
1362357803.640000	-93.000000	2
1362357803.720000	-93.000000	2
1362357803.800000	-93.000000	2
1362357808.530000	-93.000000	2
1362357836.870000	-93.000000	2
1362357836.900000	-95.000000	2
1362357836.920000	-96.000000	2
1362357837.000000	-96.000000	2
1362357837.080000	-96.000000	2
1362357837.156000	-96.000000	2
1362357837.160000	-96.000000	2
1362357837.215000	-96.000000	2
1362357837.300000	-98.000000	2
1362357837.308000	-98.000000	2
1362357837.310000	-98.000000	2
1362357837.315000	-98.000000	2
1362357837.320000	-97.000000	2
1362357837.331000	-97.000000	2
1362357837.375000	-97.000000	2
1362357837.400000	-94.000000	2
1362357837.420000	-94.000000	2
1362357837.436000	-94.000000	2
1362357837.468000	-94.000000	2
1362357837.480000	-97.000000	2
1362357837.495000	-97.000000	2
1362357837.500000	-97.000000	2
1362357837.555000	-97.000000	2
1362357837.560000	-98.000000	2
1362357837.616000	-98.000000	2
1362357837.675000	-98.000000	2
1362357837.700000	-95.000000	2
1362357837.720000	-96.000000	2
1362357837.736000	-96.000000	2
1362357837.796000	-96.000000	2
1362357837.800000	-96.000000	2
1362357837.818000	-96.000000	2
1362357837.820000	-96.000000	2
1362357837.823000	-96.000000	2
1362357837.855000	-96.000000	2
1362357837.880000	-94.000000	2
1362357837.915000	-94.000000	2
1362357837.960000	-96.000000	2
1362357837.975000	-96.000000	2
1362357838.036000	-96.000000	2
1362357838.095000	-96.000000	2
1362357838.100000	-96.000000	2
1362357838.120000	-97.000000	2
1362357838.155000	-97.000000	2
1362357838.200000	-97.000000	2
1362357838.215000	-97.000000	2
1362357838.228000	-97.000000	2
1362357838.230000	-97.000000	2
1362357838.248000	-97.000000	2
1362357838.275000	-97.000000	2
1362357838.280000	-96.000000	2
1362357838.308000	-96.000000	2
1362357838.310000	-96.000000	2
1362357838.335000	-96.000000	2
1362357838.360000	-96.000000	2
1362357838.396000	-96.000000	2
1362357838.456000	-96.000000	2
1362357838.500000	-95.000000	2
1362357838.515000	-95.000000	2
1362357838.520000	-94.000000	2
1362357838.575000	-94.000000	2
1362357838.600000	-95.000000	2
1362357838.635000	-95.000000	2
1362357838.680000	-95.000000	2
1362357838.695000	-95.000000	2
1362357838.745000	-95.000000	2
1362357838.760000	-95.000000	2
1362357838.805000	-95.000000	2
1362357838.900000	-94.000000	2
1362357838.920000	-94.000000	2
1362357839.000000	-93.000000	2
1362357846.290000	-93.000000	2
1362357911.830000	-93.000000	2
1362357911.860000	-96.000000	2
1362357911.880000	-95.000000	2
1362357911.960000	-96.000000	2
1362357912.040000	-96.000000	2
1362357912.115000	-96.000000	2
1362357912.120000	-97.000000	2
1362357912.165000	-97.000000	2
1362357912.260000	-97.000000	2
1362357912.280000	-95.000000	2
1362357912.360000	-96.000000	2
1362357912.383000	-96.000000	2
1362357912.385000	-96.000000	2
1362357912.440000	-96.000000	2
1362357912.456000	-96.000000	2
1362357912.520000	-97.000000	2
1362357912.526000	-97.000000	2
1362357912.660000	-97.000000	2
1362357912.680000	-96.000000	2
1362357912.708000	-96.000000	2
1362357912.709000	-96.000000	2
1362357912.713000	-96.000000	2
1362357912.715000	-96.000000	2
1362357912.760000	-96.000000	2
1362357912.775000	-96.000000	2
1362357912.836000	-96.000000	2
1362357912.840000	-96.000000	2
1362357912.895000	-96.000000	2
1362357912.920000	-95.000000	2
1362357912.955000	-95.000000	2
1362357912.968000	-95.000000	2
1362357913.015000	-95.000000	2
1362357913.060000	-94.000000	2
1362357913.075000	-94.000000	2
1362357913.080000	-94.000000	2
1362357913.135000	-94.000000	2
1362357913.160000	-94.000000	2
1362357913.195000	-94.000000	2
1362357913.240000	-94.000000	2
1362357913.320000	-94.000000	2
1362357913.460000	-93.000000	2
1362357913.480000	-93.000000	2
1362357913.560000	-91.000000	2
1362357923.090000	-91.000000	2
1362357923.660000	-91.000000	2
1362357923.910000	-91.000000	2
1362357924.120000	-97.000000	2
1362357924.140000	-97.000000	2
1362357924.145000	-97.000000	2
1362357924.200000	-98.000000	2
1362357924.206000	-98.000000	2
1362357924.280000	-98.000000	2
1362357924.360000	-96.000000	2
1362357924.398000	-96.000000	2
1362357924.399000	-96.000000	2
1362357924.401000	-96.000000	2
1362357924.405000	-96.000000	2
1362357924.466000	-96.000000	2
1362357924.500000	-98.000000	2
1362357924.520000	-98.000000	2
1362357924.525000	-98.000000	2
1362357924.586000	-98.000000	2
1362357924.600000	-97.000000	2
1362357924.645000	-97.000000	2
1362357924.658000	-97.000000	2
1362357924.680000	-97.000000	2
1362357924.705000	-97.000000	2
1362357924.760000	-98.000000	2
1362357924.766000	-98.000000	2
1362357924.825000	-98.000000	2
1362357924.885000	-98.000000	2
1362357924.900000	-96.000000	2
1362357924.920000	-98.000000	2
1362357925.000000	-97.000000	2
1362357925.080000	-98.000000	2
1362357925.160000	-97.000000	2
1362357930.130000	-97.000000	2
1362358136.950000	-97.000000	2
1362358136.980000	-90.000000	2
1362358137.000000	-91.000000	2
1362358137.080000	-90.000000	2
1362358137.160000	-89.000000	2
1362358137.235000	-89.000000	2
1362358137.240000	-90.000000	2
1362358137.305000	-90.000000	2
1362358137.380000	-90.000000	2
1362358137.400000	-90.000000	2
1362358137.480000	-89.000000	2
1362358137.530000	-89.000000	2
1362358137.535000	-89.000000	2
1362358137.560000	-90.000000	2
1362358137.595000	-90.000000	2
1362358137.640000	-90.000000	2
1362358137.665000	-90.000000	2
1362358137.780000	-90.000000	2
1362358137.800000	-90.000000	2
1362358137.880000	-90.000000	2
1362358137.888000	-90.000000	2
1362358137.890000	-90.000000	2
1362358137.891000	-90.000000	2
1362358137.895000	-90.000000	2
1362358137.945000	-90.000000	2
1362358137.960000	-90.000000	2
1362358138.015000	-90.000000	2
1362358138.040000	-90.000000	2
1362358138.085000	-90.000000	2
1362358138.146000	-90.000000	2
1362358138.180000	-90.000000	2
1362358138.200000	-89.000000	2
1362358138.206000	-89.000000	2
1362358138.265000	-89.000000	2
1362358138.280000	-90.000000	2
1362358138.336000	-90.000000	2
1362358138.360000	-90.000000	2
1362358138.406000	-90.000000	2
1362358138.440000	-89.000000	2
1362358138.465000	-89.000000	2
1362358138.580000	-90.000000	2
1362358138.600000	-89.000000	2
1362358138.680000	-90.000000	2
1362358138.760000	-90.000000	2
1362358138.840000	-90.000000	2
