1362359761.778000	-101.000000	2
1362359761.798000	-100.000000	2
1362359761.878000	-100.000000	2
1362359761.958000	-101.000000	2
1362359762.038000	-100.000000	2
1362359762.178000	-101.000000	2
1362359762.198000	-102.000000	2
1362359762.278000	-102.000000	2
1362359762.358000	-104.000000	2
1362359762.438000	-104.000000	2
1362359762.578000	-101.000000	2
1362359762.598000	-104.000000	2
1362359762.678000	-102.000000	2
1362359762.758000	-102.000000	2
1362359762.838000	-101.000000	2
1362359762.978000	-103.000000	2
1362359762.998000	-102.000000	2
1362359763.078000	-102.000000	2
1362359763.158000	-103.000000	2
1362359763.238000	-103.000000	2
1362359763.378000	-101.000000	2
1362359763.398000	-103.000000	2
1362359763.478000	-100.000000	2
1362359763.558000	-100.000000	2
1362359763.638000	-98.000000	2
1362359763.738000	-98.000000	2
1362359763.778000	-101.000000	2
1362359763.798000	-99.000000	2
1362359763.878000	-101.000000	2
1362359763.958000	-100.000000	2
1362359764.038000	-100.000000	2
1362359764.178000	-100.000000	2
1362359764.198000	-100.000000	2
1362359764.278000	-99.000000	2
1362359764.358000	-100.000000	2
1362359764.438000	-100.000000	2
1362359764.578000	-101.000000	2
1362359764.598000	-100.000000	2
1362359764.678000	-100.000000	2
1362359764.758000	-100.000000	2
1362359764.838000	-100.000000	2
1362359764.978000	-101.000000	2
1362359764.998000	-100.000000	2
1362359765.034000	-100.000000	2
1362359765.078000	-100.000000	2
1362359765.093000	-100.000000	2
1362359765.154000	-100.000000	2
1362359765.158000	-100.000000	2
1362359765.223000	-100.000000	2
1362359765.238000	-100.000000	2
1362359765.293000	-100.000000	2
1362359765.363000	-100.000000	2
1362359765.378000	-100.000000	2
1362359765.398000	-100.000000	2
1362359765.478000	-100.000000	2
1362359765.558000	-100.000000	2
1362359769.969000	-100.000000	2
1362359770.988000	-92.000000	2
1362359771.048000	-91.000000	2
1362359771.128000	-91.000000	2
1362359771.208000	-91.000000	2
1362359771.348000	-90.000000	2
1362359771.368000	-91.000000	2
1362359771.448000	-91.000000	2
1362359771.528000	-91.000000	2
1362359771.608000	-89.000000	2
1362359771.748000	-91.000000	2
1362359771.768000	-91.000000	2
1362359771.848000	-90.000000	2
1362359771.928000	-91.000000	2
1362359772.008000	-91.000000	2
1362359772.148000	-90.000000	2
1362359772.168000	-90.000000	2
1362359772.248000	-90.000000	2
1362359772.328000	-90.000000	2
1362359772.408000	-90.000000	2
1362359778.226000	-90.000000	2
1362359778.258000	-92.000000	2
1362359778.278000	-91.000000	2
1362359778.358000	-90.000000	2
1362359778.438000	-90.000000	2
1362359778.518000	-90.000000	2
1362359778.658000	-90.000000	2
1362359778.678000	-90.000000	2
1362359778.758000	-90.000000	2
1362359778.838000	-90.000000	2
1362359778.918000	-91.000000	2
1362359779.058000	-90.000000	2
1362359779.078000	-91.000000	2
1362359779.158000	-91.000000	2
1362359779.238000	-92.000000	2
1362359779.318000	-91.000000	2
1362359779.458000	-91.000000	2
1362359779.478000	-90.000000	2
1362359779.558000	-91.000000	2
1362359779.638000	-91.000000	2
1362359779.718000	-91.000000	2
1362359779.858000	-90.000000	2
1362359779.878000	-91.000000	2
1362359779.958000	-91.000000	2
1362359780.038000	-89.000000	2
1362359780.118000	-90.000000	2
1362359780.258000	-89.000000	2
1362359780.278000	-89.000000	2
1362359780.358000	-90.000000	2
1362359780.438000	-91.000000	2
1362359780.518000	-90.000000	2
1362359780.658000	-91.000000	2
1362359780.678000	-90.000000	2
1362359780.758000	-90.000000	2
1362359780.838000	-89.000000	2
1362359780.918000	-90.000000	2
1362359781.058000	-89.000000	2
1362359781.068000	-89.000000	2
1362359781.078000	-89.000000	2
1362359781.158000	-90.000000	2
1362359781.238000	-90.000000	2
1362359781.318000	-91.000000	2
1362359781.458000	-89.000000	2
1362359781.478000	-90.000000	2
1362359781.558000	-92.000000	2
1362359781.584000	-92.000000	2
1362359781.638000	-90.000000	2
1362359781.674000	-90.000000	2
1362359781.718000	-90.000000	2
1362359781.764000	-90.000000	2
1362359781.854000	-90.000000	2
1362359781.858000	-91.000000	2
1362359781.878000	-90.000000	2
1362359781.935000	-90.000000	2
1362359781.938000	-90.000000	2
1362359781.944000	-90.000000	2
1362359781.945000	-90.000000	2
1362359781.958000	-90.000000	2
1362359782.034000	-90.000000	2
1362359782.038000	-91.000000	2
1362359782.095000	-91.000000	2
1362359782.098000	-91.000000	2
1362359782.118000	-91.000000	2
1362359782.134000	-91.000000	2
1362359782.223000	-91.000000	2
1362359782.258000	-92.000000	2
1362359782.278000	-90.000000	2
1362359782.313000	-90.000000	2
1362359782.358000	-91.000000	2
1362359782.404000	-91.000000	2
1362359782.438000	-90.000000	2
1362359782.504000	-90.000000	2
1362359782.518000	-90.000000	2
1362359782.658000	-89.000000	2
1362359782.678000	-90.000000	2
1362359782.758000	-90.000000	2
1362359782.838000	-91.000000	2
1362359782.918000	-89.000000	2
1362359788.848000	-89.000000	2
1362359789.868000	-89.000000	2
1362359789.928000	-89.000000	2
1362359790.008000	-90.000000	2
1362359790.088000	-90.000000	2
1362359790.228000	-90.000000	2
1362359790.248000	-90.000000	2
1362359790.328000	-90.000000	2
1362359790.408000	-90.000000	2
1362359790.488000	-90.000000	2
1362359790.628000	-90.000000	2
1362359790.648000	-90.000000	2
1362359790.728000	-91.000000	2
1362359790.808000	-90.000000	2
1362359790.888000	-89.000000	2
1362359791.028000	-89.000000	2
1362359791.048000	-90.000000	2
1362359791.128000	-90.000000	2
1362359791.208000	-91.000000	2
1362359791.288000	-90.000000	2
1362359799.746000	-90.000000	2
1362359799.778000	-93.000000	2
1362359799.798000	-94.000000	2
1362359799.878000	-94.000000	2
1362359799.958000	-95.000000	2
1362359800.038000	-93.000000	2
1362359800.053000	-93.000000	2
1362359800.124000	-93.000000	2
1362359800.178000	-95.000000	2
1362359800.198000	-95.000000	2
1362359800.278000	-94.000000	2
1362359800.355000	-94.000000	2
1362359800.356000	-94.000000	2
1362359800.358000	-94.000000	2
1362359800.358000	-94.000000	2
1362359800.363000	-94.000000	2
1362359800.433000	-94.000000	2
1362359800.438000	-93.000000	2
1362359800.503000	-93.000000	2
1362359800.574000	-93.000000	2
1362359800.578000	-93.000000	2
1362359800.598000	-94.000000	2
1362359800.633000	-94.000000	2
1362359800.678000	-94.000000	2
1362359800.758000	-95.000000	2
1362359800.838000	-94.000000	2
1362359800.978000	-94.000000	2
1362359800.998000	-94.000000	2
1362359808.049000	-94.000000	2
1362359809.068000	-94.000000	2
1362359809.128000	-94.000000	2
1362359809.208000	-94.000000	2
1362359809.288000	-93.000000	2
1362359809.428000	-95.000000	2
1362359809.448000	-94.000000	2
1362359809.528000	-94.000000	2
1362359809.608000	-95.000000	2
1362359809.688000	-95.000000	2
1362359809.828000	-95.000000	2
1362359809.848000	-95.000000	2
1362359809.928000	-95.000000	2
1362359810.008000	-95.000000	2
1362359810.088000	-95.000000	2
1362359810.228000	-95.000000	2
1362359810.248000	-95.000000	2
1362359810.328000	-96.000000	2
1362359810.408000	-96.000000	2
1362359819.026000	-96.000000	2
1362359819.058000	-90.000000	2
1362359819.078000	-92.000000	2
1362359819.158000	-91.000000	2
1362359819.238000	-91.000000	2
1362359819.318000	-91.000000	2
1362359819.343000	-91.000000	2
1362359819.413000	-91.000000	2
1362359819.458000	-93.000000	2
1362359819.478000	-92.000000	2
1362359819.558000	-92.000000	2
1362359819.635000	-92.000000	2
1362359819.636000	-92.000000	2
1362359819.638000	-93.000000	2
1362359819.638000	-93.000000	2
1362359819.643000	-93.000000	2
1362359819.713000	-93.000000	2
1362359819.718000	-94.000000	2
1362359819.783000	-94.000000	2
1362359819.853000	-94.000000	2
1362359819.858000	-96.000000	2
1362359819.878000	-97.000000	2
1362359819.914000	-97.000000	2
1362359819.958000	-98.000000	2
1362359820.038000	-98.000000	2
1362359820.118000	-99.000000	2
1362359820.258000	-98.000000	2
1362359820.278000	-98.000000	2
1362359825.009000	-98.000000	2
1362359825.143000	-98.000000	2
1362359825.314000	-98.000000	2
1362359825.535000	-98.000000	2
1362359825.536000	-98.000000	2
1362359825.538000	-98.000000	2
1362359825.543000	-98.000000	2
1362359825.614000	-98.000000	2
1362359825.683000	-98.000000	2
1362359825.743000	-98.000000	2
1362359825.803000	-98.000000	2
1362359826.028000	-93.000000	2
1362359826.088000	-93.000000	2
1362359826.168000	-94.000000	2
1362359830.769000	-94.000000	2
1362359841.586000	-94.000000	2
1362359841.618000	-98.000000	2
1362359841.638000	-99.000000	2
1362359841.718000	-99.000000	2
1362359841.798000	-97.000000	2
1362359841.874000	-97.000000	2
1362359841.878000	-98.000000	2
1362359841.933000	-98.000000	2
1362359842.018000	-100.000000	2
1362359842.038000	-98.000000	2
1362359842.118000	-99.000000	2
1362359842.145000	-99.000000	2
1362359842.146000	-99.000000	2
1362359842.148000	-99.000000	2
1362359842.153000	-99.000000	2
1362359842.198000	-97.000000	2
1362359842.213000	-97.000000	2
1362359842.274000	-97.000000	2
1362359842.278000	-99.000000	2
1362359842.334000	-99.000000	2
1362359842.383000	-99.000000	2
1362359842.418000	-99.000000	2
1362359842.438000	-99.000000	2
1362359842.518000	-98.000000	2
1362359842.598000	-99.000000	2
1362359842.678000	-97.000000	2
1362359847.409000	-97.000000	2
1362359847.543000	-97.000000	2
1362359847.603000	-97.000000	2
1362359850.466000	-97.000000	2
1362359850.498000	-97.000000	2
1362359850.518000	-97.000000	2
1362359850.598000	-97.000000	2
1362359850.678000	-97.000000	2
1362359850.703000	-97.000000	2
1362359850.758000	-97.000000	2
1362359850.764000	-97.000000	2
1362359850.825000	-97.000000	2
1362359850.826000	-97.000000	2
1362359850.828000	-97.000000	2
1362359850.833000	-97.000000	2
1362359850.894000	-97.000000	2
1362359850.898000	-96.000000	2
1362359850.918000	-97.000000	2
1362359850.954000	-97.000000	2
1362359850.985000	-97.000000	2
1362359850.986000	-97.000000	2
1362359850.998000	-97.000000	2
1362359851.003000	-97.000000	2
1362359851.073000	-97.000000	2
1362359851.078000	-98.000000	2
1362359851.133000	-98.000000	2
1362359851.158000	-98.000000	2
1362359851.193000	-98.000000	2
1362359851.298000	-96.000000	2
1362359851.318000	-96.000000	2
1362359851.398000	-97.000000	2
1362359851.478000	-98.000000	2
1362359856.306000	-98.000000	2
1362359856.713000	-98.000000	2
1362359856.758000	-89.000000	2
1362359856.778000	-87.000000	2
1362359856.784000	-87.000000	2
1362359856.838000	-87.000000	2
1362359856.864000	-87.000000	2
1362359856.918000	-87.000000	2
1362359856.998000	-87.000000	2
1362359857.085000	-87.000000	2
1362359857.093000	-87.000000	2
1362359857.138000	-86.000000	2
1362359857.158000	-85.000000	2
1362359857.238000	-86.000000	2
1362359857.318000	-85.000000	2
1362359857.398000	-85.000000	2
1362359857.538000	-87.000000	2
1362359857.558000	-85.000000	2
1362359857.638000	-84.000000	2
1362359857.718000	-85.000000	2
1362359857.798000	-85.000000	2
1362359857.938000	-84.000000	2
1362359857.958000	-85.000000	2
1362359858.038000	-84.000000	2
1362359858.118000	-84.000000	2
1362359858.198000	-85.000000	2
1362359858.338000	-85.000000	2
1362359858.358000	-83.000000	2
1362359858.438000	-85.000000	2
1362359858.518000	-85.000000	2
1362359858.598000	-86.000000	2
1362359858.738000	-84.000000	2
1362359858.758000	-85.000000	2
1362359858.838000	-85.000000	2
1362359858.918000	-85.000000	2
1362359858.998000	-85.000000	2
1362359859.138000	-85.000000	2
1362359859.158000	-85.000000	2
1362359859.238000	-84.000000	2
1362359859.318000	-84.000000	2
1362359859.398000	-85.000000	2
1362359859.538000	-83.000000	2
1362359860.226000	-83.000000	2
1362359860.258000	-86.000000	2
1362359860.278000	-85.000000	2
1362359860.358000	-85.000000	2
1362359860.438000	-84.000000	2
1362359860.518000	-85.000000	2
1362359860.658000	-85.000000	2
1362359860.678000	-85.000000	2
1362359860.758000	-85.000000	2
1362359860.838000	-85.000000	2
1362359866.946000	-85.000000	2
1362359866.978000	-87.000000	2
1362359866.998000	-86.000000	2
1362359867.078000	-88.000000	2
1362359867.158000	-86.000000	2
1362359867.238000	-87.000000	2
1362359867.293000	-87.000000	2
1362359867.378000	-87.000000	2
1362359867.383000	-87.000000	2
1362359867.398000	-86.000000	2
1362359867.478000	-87.000000	2
1362359867.558000	-85.000000	2
1362359867.635000	-85.000000	2
1362359867.636000	-85.000000	2
1362359867.638000	-87.000000	2
1362359867.638000	-87.000000	2
1362359867.644000	-87.000000	2
1362359867.733000	-87.000000	2
1362359867.778000	-88.000000	2
1362359867.798000	-86.000000	2
1362359867.823000	-86.000000	2
1362359867.878000	-87.000000	2
1362359867.913000	-87.000000	2
1362359867.958000	-87.000000	2
1362359868.004000	-87.000000	2
1362359868.038000	-86.000000	2
1362359868.178000	-87.000000	2
1362359868.198000	-87.000000	2
1362359868.278000	-88.000000	2
1362359868.358000	-86.000000	2
1362359873.329000	-86.000000	2
1362359873.954000	-86.000000	2
1362359873.963000	-86.000000	2
1362359874.306000	-86.000000	2
1362359874.358000	-86.000000	2
1362359874.378000	-85.000000	2
1362359874.438000	-86.000000	2
1362359874.518000	-86.000000	2
1362359874.598000	-85.000000	2
1362359874.624000	-85.000000	2
1362359874.738000	-86.000000	2
1362359874.758000	-85.000000	2
1362359874.823000	-85.000000	2
1362359874.838000	-85.000000	2
1362359874.918000	-85.000000	2
1362359874.998000	-85.000000	2
1362359875.085000	-85.000000	2
1362359875.086000	-85.000000	2
1362359875.088000	-85.000000	2
1362359875.093000	-85.000000	2
1362359875.138000	-85.000000	2
1362359875.158000	-85.000000	2
1362359875.194000	-85.000000	2
1362359875.238000	-86.000000	2
1362359875.293000	-86.000000	2
1362359875.318000	-85.000000	2
1362359875.394000	-85.000000	2
1362359875.398000	-85.000000	2
1362359875.484000	-85.000000	2
1362359875.538000	-85.000000	2
1362359875.558000	-85.000000	2
1362359875.638000	-85.000000	2
1362359875.718000	-86.000000	2
1362359875.798000	-85.000000	2
1362359880.369000	-85.000000	2
1362359891.266000	-85.000000	2
1362359891.298000	-85.000000	2
1362359891.318000	-85.000000	2
1362359891.398000	-87.000000	2
1362359891.478000	-85.000000	2
1362359891.558000	-85.000000	2
1362359891.624000	-85.000000	2
1362359891.698000	-85.000000	2
1362359891.718000	-85.000000	2
1362359891.723000	-85.000000	2
1362359891.798000	-85.000000	2
1362359891.878000	-84.000000	2
1362359891.958000	-85.000000	2
1362359891.985000	-85.000000	2
1362359891.986000	-85.000000	2
1362359891.988000	-85.000000	2
1362359891.993000	-85.000000	2
1362359892.098000	-84.000000	2
1362359892.104000	-84.000000	2
1362359892.118000	-84.000000	2
1362359892.198000	-85.000000	2
1362359892.203000	-85.000000	2
1362359892.278000	-84.000000	2
1362359892.303000	-84.000000	2
1362359892.358000	-86.000000	2
1362359892.393000	-86.000000	2
1362359892.498000	-86.000000	2
1362359892.518000	-85.000000	2
1362359892.598000	-85.000000	2
1362359892.678000	-86.000000	2
1362359892.758000	-86.000000	2
1362359897.649000	-86.000000	2
1362359899.506000	-86.000000	2
1362359899.538000	-85.000000	2
1362359899.558000	-87.000000	2
1362359899.638000	-85.000000	2
1362359899.718000	-85.000000	2
1362359899.798000	-85.000000	2
1362359899.813000	-85.000000	2
1362359899.913000	-85.000000	2
1362359899.938000	-85.000000	2
1362359899.958000	-85.000000	2
1362359900.038000	-85.000000	2
1362359900.118000	-86.000000	2
1362359900.165000	-86.000000	2
1362359900.166000	-86.000000	2
1362359900.168000	-86.000000	2
1362359900.173000	-86.000000	2
1362359900.198000	-85.000000	2
1362359900.263000	-85.000000	2
1362359900.338000	-84.000000	2
1362359900.358000	-85.000000	2
1362359900.364000	-85.000000	2
1362359900.438000	-85.000000	2
1362359900.454000	-85.000000	2
1362359900.518000	-85.000000	2
1362359900.554000	-85.000000	2
1362359900.598000	-85.000000	2
1362359900.738000	-85.000000	2
1362359900.758000	-85.000000	2
1362359900.838000	-85.000000	2
1362359900.918000	-85.000000	2
1362359905.649000	-85.000000	2
1362359916.386000	-85.000000	2
1362359916.418000	-84.000000	2
1362359916.438000	-84.000000	2
1362359916.518000	-84.000000	2
1362359916.598000	-84.000000	2
1362359916.678000	-85.000000	2
1362359916.723000	-85.000000	2
1362359916.804000	-85.000000	2
1362359916.818000	-84.000000	2
1362359916.838000	-84.000000	2
1362359916.918000	-85.000000	2
1362359916.998000	-84.000000	2
1362359917.055000	-84.000000	2
1362359917.056000	-84.000000	2
1362359917.058000	-84.000000	2
1362359917.063000	-84.000000	2
1362359917.078000	-85.000000	2
1362359917.144000	-85.000000	2
1362359917.218000	-85.000000	2
1362359917.233000	-85.000000	2
1362359917.238000	-86.000000	2
1362359917.313000	-86.000000	2
1362359917.318000	-84.000000	2
1362359917.393000	-84.000000	2
1362359917.398000	-86.000000	2
1362359917.478000	-85.000000	2
1362359917.618000	-85.000000	2
1362359917.638000	-84.000000	2
1362359917.718000	-85.000000	2
1362359922.609000	-85.000000	2
1362359925.426000	-85.000000	2
1362359925.458000	-86.000000	2
1362359925.478000	-87.000000	2
1362359925.558000	-85.000000	2
1362359925.638000	-85.000000	2
1362359925.718000	-85.000000	2
1362359925.783000	-85.000000	2
1362359925.858000	-86.000000	2
1362359925.878000	-86.000000	2
1362359925.884000	-86.000000	2
1362359925.958000	-87.000000	2
1362359926.038000	-86.000000	2
1362359926.118000	-85.000000	2
1362359926.135000	-85.000000	2
1362359926.136000	-85.000000	2
1362359926.138000	-85.000000	2
1362359926.144000	-85.000000	2
1362359926.244000	-85.000000	2
1362359926.258000	-86.000000	2
1362359926.278000	-86.000000	2
1362359926.343000	-86.000000	2
1362359926.358000	-86.000000	2
1362359926.438000	-86.000000	2
1362359926.444000	-86.000000	2
1362359926.518000	-85.000000	2
1362359926.543000	-85.000000	2
1362359926.658000	-85.000000	2
1362359926.678000	-86.000000	2
1362359926.758000	-86.000000	2
1362359926.838000	-86.000000	2
1362359926.918000	-86.000000	2
1362359931.569000	-86.000000	2
1362359937.346000	-86.000000	2
1362359937.378000	-84.000000	2
1362359937.398000	-85.000000	2
1362359937.478000	-85.000000	2
1362359937.558000	-87.000000	2
1362359937.638000	-86.000000	2
1362359937.723000	-86.000000	2
1362359937.778000	-85.000000	2
1362359937.798000	-85.000000	2
1362359937.824000	-85.000000	2
1362359937.878000	-86.000000	2
1362359937.958000	-86.000000	2
1362359938.038000	-85.000000	2
1362359938.069000	-85.000000	2
1362359938.073000	-85.000000	2
1362359938.174000	-85.000000	2
1362359938.178000	-85.000000	2
1362359938.198000	-87.000000	2
1362359938.274000	-87.000000	2
1362359938.278000	-86.000000	2
1362359938.358000	-86.000000	2
1362359938.383000	-86.000000	2
1362359938.438000	-85.000000	2
1362359938.473000	-85.000000	2
1362359938.525000	-85.000000	2
1362359938.528000	-85.000000	2
1362359938.530000	-85.000000	2
1362359938.574000	-85.000000	2
1362359938.578000	-85.000000	2
1362359938.598000	-85.000000	2
1362359938.673000	-85.000000	2
1362359938.678000	-85.000000	2
1362359938.718000	-85.000000	2
1362359938.758000	-86.000000	2
1362359938.784000	-86.000000	2
1362359938.838000	-85.000000	2
1362359938.875000	-85.000000	2
1362359938.876000	-85.000000	2
1362359938.883000	-85.000000	2
1362359938.978000	-87.000000	2
1362359938.983000	-87.000000	2
1362359938.998000	-84.000000	2
1362359939.078000	-86.000000	2
1362359939.084000	-86.000000	2
1362359939.158000	-85.000000	2
1362359939.183000	-85.000000	2
1362359939.238000	-85.000000	2
1362359939.274000	-85.000000	2
1362359939.305000	-85.000000	2
1362359939.306000	-85.000000	2
1362359939.310000	-85.000000	2
1362359939.378000	-85.000000	2
1362359939.398000	-86.000000	2
1362359939.478000	-85.000000	2
1362359939.558000	-86.000000	2
1362359939.638000	-86.000000	2
1362359939.778000	-86.000000	2
1362359939.798000	-85.000000	2
1362359939.878000	-85.000000	2
1362359939.958000	-85.000000	2
1362359940.038000	-86.000000	2
1362359940.180000	-86.000000	2
1362359946.929000	-86.000000	2
1362359947.475000	-86.000000	2
1362359947.476000	-86.000000	2
1362359947.499000	-86.000000	2
1362359947.614000	-86.000000	2
1362359947.986000	-86.000000	2
1362359948.018000	-87.000000	2
1362359948.038000	-87.000000	2
1362359948.118000	-87.000000	2
1362359948.198000	-87.000000	2
1362359948.278000	-87.000000	2
1362359948.304000	-87.000000	2
1362359948.393000	-87.000000	2
1362359948.418000	-87.000000	2
1362359948.438000	-87.000000	2
1362359948.503000	-87.000000	2
1362359948.518000	-87.000000	2
1362359948.565000	-87.000000	2
1362359948.566000	-87.000000	2
1362359948.598000	-87.000000	2
1362359948.613000	-87.000000	2
1362359948.678000	-87.000000	2
1362359948.713000	-87.000000	2
1362359948.813000	-87.000000	2
1362359948.818000	-86.000000	2
1362359948.838000	-87.000000	2
1362359948.913000	-87.000000	2
1362359948.918000	-86.000000	2
1362359948.998000	-87.000000	2
1362359949.023000	-87.000000	2
1362359949.078000	-87.000000	2
1362359949.123000	-87.000000	2
1362359949.175000	-87.000000	2
1362359949.213000	-87.000000	2
1362359949.218000	-85.000000	2
1362359949.225000	-85.000000	2
1362359949.226000	-85.000000	2
1362359949.238000	-87.000000	2
1362359949.275000	-87.000000	2
1362359949.276000	-87.000000	2
1362359949.313000	-87.000000	2
1362359949.318000	-86.000000	2
1362359949.398000	-86.000000	2
1362359949.414000	-86.000000	2
1362359949.478000	-88.000000	2
1362359949.523000	-88.000000	2
1362359949.618000	-87.000000	2
1362359949.623000	-87.000000	2
1362359949.638000	-87.000000	2
1362359949.718000	-87.000000	2
1362359949.798000	-87.000000	2
1362359949.878000	-87.000000	2
1362359950.018000	-86.000000	2
1362359950.038000	-87.000000	2
1362359950.118000	-87.000000	2
1362359950.198000	-87.000000	2
1362359950.278000	-87.000000	2
1362359950.418000	-88.000000	2
1362359950.438000	-88.000000	2
1362359950.518000	-87.000000	2
1362359950.546000	-87.000000	2
1362359950.554000	-87.000000	2
1362359950.598000	-87.000000	2
1362359950.654000	-87.000000	2
1362359950.678000	-87.000000	2
1362359950.818000	-87.000000	2
1362359950.838000	-87.000000	2
1362359950.915000	-87.000000	2
1362359950.918000	-87.000000	2
1362359950.918000	-87.000000	2
1362359950.918000	-87.000000	2
1362359950.923000	-87.000000	2
1362359950.998000	-87.000000	2
1362359951.024000	-87.000000	2
1362359951.078000	-87.000000	2
1362359951.124000	-87.000000	2
1362359951.218000	-87.000000	2
1362359951.233000	-87.000000	2
1362359951.238000	-87.000000	2
1362359951.318000	-87.000000	2
1362359951.333000	-87.000000	2
1362359951.398000	-87.000000	2
1362359951.478000	-87.000000	2
1362359951.618000	-87.000000	2
1362359951.638000	-87.000000	2
1362359951.718000	-87.000000	2
1362359975.089000	-87.000000	2
1362359975.595000	-87.000000	2
1362359975.601000	-87.000000	2
1362359975.703000	-87.000000	2
1362359976.066000	-87.000000	2
1362359976.118000	-86.000000	2
1362359976.138000	-86.000000	2
1362359976.198000	-84.000000	2
1362359976.278000	-86.000000	2
1362359976.358000	-86.000000	2
1362359976.376000	-86.000000	2
1362359981.169000	-86.000000	2
1362359992.066000	-86.000000	2
1362359992.098000	-87.000000	2
1362359992.118000	-87.000000	2
1362359992.198000	-87.000000	2
1362359992.278000	-87.000000	2
1362359992.358000	-87.000000	2
1362359992.433000	-87.000000	2
1362359992.498000	-87.000000	2
1362359992.518000	-86.000000	2
1362359992.523000	-86.000000	2
1362359992.598000	-87.000000	2
1362359992.678000	-87.000000	2
1362359992.758000	-87.000000	2
1362359992.775000	-87.000000	2
1362359992.778000	-87.000000	2
1362359992.779000	-87.000000	2
1362359992.784000	-87.000000	2
1362359992.873000	-87.000000	2
1362359992.898000	-87.000000	2
1362359992.918000	-87.000000	2
1362359992.964000	-87.000000	2
1362359992.998000	-86.000000	2
1362359993.053000	-86.000000	2
1362359993.078000	-88.000000	2
1362359993.133000	-88.000000	2
1362359993.158000	-88.000000	2
1362359993.298000	-87.000000	2
1362359993.318000	-87.000000	2
1362359993.398000	-87.000000	2
1362359993.478000	-86.000000	2
1362359998.449000	-86.000000	2
1362359998.925000	-86.000000	2
1362359998.963000	-86.000000	2
1362359999.093000	-86.000000	2
1362359999.184000	-86.000000	2
1362360002.786000	-86.000000	2
1362360002.818000	-88.000000	2
1362360002.838000	-88.000000	2
1362360002.918000	-88.000000	2
1362360002.998000	-87.000000	2
1362360003.078000	-87.000000	2
1362360003.218000	-87.000000	2
1362360003.238000	-87.000000	2
1362360003.245000	-87.000000	2
1362360003.245000	-87.000000	2
1362360003.318000	-88.000000	2
1362360003.398000	-88.000000	2
1362360003.413000	-88.000000	2
1362360003.478000	-88.000000	2
1362360003.746000	-88.000000	2
1362360003.778000	-87.000000	2
1362360003.798000	-87.000000	2
1362360003.878000	-87.000000	2
1362360003.958000	-87.000000	2
1362360004.038000	-87.000000	2
1362360004.053000	-87.000000	2
1362360004.153000	-87.000000	2
1362360004.160000	-87.000000	2
1362360004.178000	-87.000000	2
1362360004.198000	-87.000000	2
1362360004.233000	-87.000000	2
1362360004.278000	-89.000000	2
1362360004.323000	-89.000000	2
1362360004.358000	-88.000000	2
1362360004.414000	-88.000000	2
1362360004.438000	-87.000000	2
1362360004.503000	-87.000000	2
1362360004.578000	-88.000000	2
1362360004.598000	-88.000000	2
1362360004.678000	-87.000000	2
1362360004.745000	-87.000000	2
1362360004.746000	-87.000000	2
1362360004.748000	-87.000000	2
1362360004.753000	-87.000000	2
1362360004.758000	-86.000000	2
1362360004.838000	-86.000000	2
1362360004.843000	-86.000000	2
1362360004.943000	-86.000000	2
1362360004.978000	-86.000000	2
1362360004.998000	-86.000000	2
1362360005.033000	-86.000000	2
1362360005.078000	-86.000000	2
1362360005.124000	-86.000000	2
1362360005.158000	-86.000000	2
1362360005.238000	-86.000000	2
1362360005.378000	-88.000000	2
1362360005.398000	-88.000000	2
1362360005.478000	-87.000000	2
1362360009.969000	-87.000000	2
1362360020.946000	-87.000000	2
1362360020.978000	-87.000000	2
1362360020.998000	-87.000000	2
1362360021.078000	-87.000000	2
1362360021.158000	-88.000000	2
1362360021.238000	-87.000000	2
1362360021.294000	-87.000000	2
1362360021.374000	-87.000000	2
1362360021.378000	-87.000000	2
1362360021.398000	-87.000000	2
1362360021.478000	-87.000000	2
1362360021.558000	-86.000000	2
1362360021.615000	-86.000000	2
1362360021.616000	-86.000000	2
1362360021.618000	-86.000000	2
1362360021.624000	-86.000000	2
1362360021.638000	-87.000000	2
1362360021.713000	-87.000000	2
1362360021.778000	-87.000000	2
1362360021.798000	-87.000000	2
1362360021.803000	-87.000000	2
1362360021.878000	-87.000000	2
1362360021.884000	-87.000000	2
1362360021.958000	-87.000000	2
1362360021.973000	-87.000000	2
1362360022.038000	-86.000000	2
1362360022.178000	-88.000000	2
1362360022.198000	-87.000000	2
1362360022.278000	-87.000000	2
1362360022.358000	-87.000000	2
1362360027.249000	-87.000000	2
1362360034.066000	-87.000000	2
1362360034.098000	-88.000000	2
1362360034.118000	-87.000000	2
1362360034.198000	-87.000000	2
1362360034.278000	-87.000000	2
1362360034.358000	-87.000000	2
1362360034.423000	-87.000000	2
1362360034.498000	-87.000000	2
1362360034.513000	-87.000000	2
1362360034.518000	-87.000000	2
1362360034.598000	-86.000000	2
1362360034.678000	-86.000000	2
1362360034.758000	-87.000000	2
1362360034.765000	-87.000000	2
1362360034.766000	-87.000000	2
1362360034.768000	-87.000000	2
1362360034.773000	-87.000000	2
1362360034.854000	-87.000000	2
1362360034.898000	-87.000000	2
1362360034.918000	-88.000000	2
1362360034.943000	-88.000000	2
1362360034.998000	-87.000000	2
1362360035.023000	-87.000000	2
1362360035.078000	-88.000000	2
1362360035.113000	-88.000000	2
1362360035.158000	-88.000000	2
1362360035.298000	-87.000000	2
1362360035.318000	-87.000000	2
1362360035.398000	-87.000000	2
1362360035.478000	-88.000000	2
1362360040.049000	-88.000000	2
1362360050.946000	-88.000000	2
1362360050.978000	-86.000000	2
1362360050.998000	-87.000000	2
1362360051.078000	-87.000000	2
1362360051.158000	-87.000000	2
1362360051.238000	-87.000000	2
1362360051.283000	-87.000000	2
1362360051.363000	-87.000000	2
1362360051.378000	-88.000000	2
1362360051.398000	-88.000000	2
1362360051.478000	-87.000000	2
1362360051.558000	-87.000000	2
1362360051.615000	-87.000000	2
1362360051.616000	-87.000000	2
1362360051.618000	-87.000000	2
1362360051.623000	-87.000000	2
1362360051.638000	-86.000000	2
1362360051.703000	-86.000000	2
1362360051.778000	-87.000000	2
1362360051.783000	-87.000000	2
1362360051.798000	-87.000000	2
1362360051.864000	-87.000000	2
1362360051.878000	-87.000000	2
1362360051.943000	-87.000000	2
1362360051.958000	-87.000000	2
1362360052.038000	-87.000000	2
1362360052.178000	-87.000000	2
1362360052.198000	-87.000000	2
1362360052.278000	-88.000000	2
1362360057.329000	-88.000000	2
1362360065.106000	-88.000000	2
1362360065.138000	-87.000000	2
1362360065.158000	-87.000000	2
1362360065.238000	-87.000000	2
1362360065.318000	-87.000000	2
1362360065.398000	-86.000000	2
1362360065.444000	-86.000000	2
1362360065.534000	-86.000000	2
1362360065.538000	-87.000000	2
1362360065.558000	-87.000000	2
1362360065.638000	-87.000000	2
1362360065.718000	-88.000000	2
1362360065.765000	-88.000000	2
1362360065.766000	-88.000000	2
1362360065.768000	-88.000000	2
1362360065.773000	-88.000000	2
1362360065.798000	-87.000000	2
1362360065.854000	-87.000000	2
1362360065.933000	-87.000000	2
1362360065.938000	-89.000000	2
1362360065.958000	-89.000000	2
1362360066.013000	-89.000000	2
1362360066.038000	-87.000000	2
1362360066.093000	-87.000000	2
1362360066.118000	-89.000000	2
1362360066.198000	-87.000000	2
1362360066.338000	-87.000000	2
1362360066.358000	-87.000000	2
1362360066.438000	-88.000000	2
1362360071.089000	-88.000000	2
1362360081.906000	-88.000000	2
1362360081.938000	-89.000000	2
1362360081.958000	-89.000000	2
1362360082.038000	-89.000000	2
1362360082.118000	-86.000000	2
1362360082.198000	-87.000000	2
1362360082.233000	-87.000000	2
1362360082.323000	-87.000000	2
1362360082.338000	-88.000000	2
1362360082.358000	-88.000000	2
1362360082.438000	-87.000000	2
1362360082.518000	-88.000000	2
1362360082.545000	-88.000000	2
1362360082.548000	-88.000000	2
1362360082.549000	-88.000000	2
1362360082.553000	-88.000000	2
1362360082.598000	-88.000000	2
1362360082.633000	-88.000000	2
1362360082.714000	-88.000000	2
1362360082.738000	-86.000000	2
1362360082.758000	-88.000000	2
1362360082.793000	-88.000000	2
1362360082.838000	-88.000000	2
1362360082.873000	-88.000000	2
1362360082.918000	-88.000000	2
1362360082.998000	-88.000000	2
1362360083.138000	-88.000000	2
1362360083.158000	-87.000000	2
1362360083.238000	-88.000000	2
1362360088.049000	-88.000000	2
1362360096.946000	-88.000000	2
1362360096.978000	-90.000000	2
1362360096.998000	-90.000000	2
1362360097.078000	-92.000000	2
1362360097.158000	-92.000000	2
1362360097.238000	-91.000000	2
1362360097.263000	-91.000000	2
1362360097.333000	-91.000000	2
1362360097.378000	-91.000000	2
1362360097.398000	-90.000000	2
1362360097.478000	-90.000000	2
1362360097.558000	-89.000000	2
1362360097.585000	-89.000000	2
1362360097.588000	-89.000000	2
1362360097.589000	-89.000000	2
1362360097.594000	-89.000000	2
1362360097.638000	-89.000000	2
1362360097.673000	-89.000000	2
1362360097.753000	-89.000000	2
1362360097.778000	-89.000000	2
1362360097.798000	-89.000000	2
1362360097.833000	-89.000000	2
1362360097.878000	-88.000000	2
1362360097.914000	-88.000000	2
1362360097.958000	-87.000000	2
1362360098.038000	-89.000000	2
1362360098.178000	-88.000000	2
1362360098.198000	-88.000000	2
1362360098.278000	-89.000000	2
1362360113.746000	-89.000000	2
1362360113.778000	-91.000000	2
1362360113.798000	-92.000000	2
1362360113.878000	-90.000000	2
1362360113.958000	-89.000000	2
1362360114.038000	-91.000000	2
1362360114.163000	-91.000000	2
1362360114.178000	-92.000000	2
1362360114.198000	-93.000000	2
1362360114.244000	-93.000000	2
1362360114.278000	-94.000000	2
1362360114.358000	-93.000000	2
1362360114.438000	-93.000000	2
1362360114.485000	-93.000000	2
1362360114.486000	-93.000000	2
1362360114.489000	-93.000000	2
1362360114.493000	-93.000000	2
1362360114.564000	-93.000000	2
1362360114.578000	-95.000000	2
1362360114.598000	-94.000000	2
1362360114.644000	-94.000000	2
1362360114.678000	-95.000000	2
1362360114.714000	-95.000000	2
1362360114.758000	-94.000000	2
1362360114.784000	-94.000000	2
1362360114.838000	-94.000000	2
1362360114.978000	-93.000000	2
1362360114.998000	-92.000000	2
1362360115.078000	-92.000000	2
1362360115.158000	-91.000000	2
1362360119.729000	-91.000000	2
1362360129.826000	-91.000000	2
1362360129.858000	-91.000000	2
1362360129.878000	-90.000000	2
1362360129.958000	-90.000000	2
1362360130.038000	-89.000000	2
1362360130.118000	-89.000000	2
1362360130.203000	-89.000000	2
1362360130.258000	-88.000000	2
1362360130.278000	-89.000000	2
1362360130.304000	-89.000000	2
1362360130.358000	-89.000000	2
1362360130.438000	-88.000000	2
1362360130.518000	-89.000000	2
1362360130.575000	-89.000000	2
1362360130.578000	-89.000000	2
1362360130.579000	-89.000000	2
1362360130.584000	-89.000000	2
1362360130.658000	-89.000000	2
1362360130.678000	-89.000000	2
1362360130.684000	-89.000000	2
1362360130.758000	-90.000000	2
1362360130.773000	-90.000000	2
1362360130.838000	-88.000000	2
1362360130.863000	-88.000000	2
1362360130.918000	-89.000000	2
1362360130.963000	-89.000000	2
1362360131.058000	-89.000000	2
1362360131.078000	-89.000000	2
1362360131.158000	-89.000000	2
1362360131.238000	-89.000000	2
1362360131.318000	-89.000000	2
1362360136.049000	-89.000000	2
1362360146.866000	-89.000000	2
1362360146.898000	-93.000000	2
1362360146.918000	-92.000000	2
1362360146.998000	-92.000000	2
1362360147.078000	-92.000000	2
1362360147.158000	-91.000000	2
1362360147.193000	-91.000000	2
1362360147.283000	-91.000000	2
1362360147.298000	-91.000000	2
1362360147.318000	-92.000000	2
1362360147.398000	-91.000000	2
1362360147.478000	-91.000000	2
1362360147.545000	-91.000000	2
1362360147.548000	-91.000000	2
1362360147.549000	-91.000000	2
1362360147.553000	-91.000000	2
1362360147.558000	-90.000000	2
1362360147.643000	-90.000000	2
1362360147.698000	-90.000000	2
1362360147.718000	-90.000000	2
1362360147.743000	-90.000000	2
1362360147.798000	-91.000000	2
1362360147.844000	-91.000000	2
1362360147.878000	-92.000000	2
1362360147.943000	-92.000000	2
1362360147.958000	-91.000000	2
1362360148.098000	-90.000000	2
1362360148.118000	-90.000000	2
1362360148.198000	-91.000000	2
1362360148.278000	-91.000000	2
1362360148.358000	-91.000000	2
1362360163.986000	-91.000000	2
1362360164.018000	-90.000000	2
1362360164.038000	-90.000000	2
1362360164.118000	-90.000000	2
1362360164.198000	-90.000000	2
1362360164.278000	-91.000000	2
1362360164.418000	-90.000000	2
1362360164.434000	-90.000000	2
1362360164.438000	-90.000000	2
1362360164.518000	-91.000000	2
1362360164.523000	-91.000000	2
1362360164.598000	-90.000000	2
1362360164.678000	-91.000000	2
1362360164.775000	-91.000000	2
1362360164.778000	-91.000000	2
1362360164.778000	-91.000000	2
1362360164.784000	-91.000000	2
1362360164.818000	-90.000000	2
1362360164.838000	-90.000000	2
1362360164.863000	-90.000000	2
1362360164.918000	-90.000000	2
1362360164.953000	-90.000000	2
1362360164.998000	-90.000000	2
1362360165.033000	-90.000000	2
1362360165.078000	-89.000000	2
1362360165.123000	-89.000000	2
1362360165.218000	-89.000000	2
1362360165.238000	-90.000000	2
1362360165.318000	-88.000000	2
1362360165.398000	-88.000000	2
1362360165.478000	-89.000000	2
1362360169.969000	-89.000000	2
1362360180.946000	-89.000000	2
1362360180.978000	-89.000000	2
1362360180.998000	-89.000000	2
1362360181.078000	-89.000000	2
1362360181.158000	-90.000000	2
1362360181.238000	-88.000000	2
1362360181.303000	-88.000000	2
1362360181.378000	-89.000000	2
1362360181.398000	-88.000000	2
1362360181.404000	-88.000000	2
1362360181.478000	-88.000000	2
1362360181.558000	-88.000000	2
1362360181.638000	-88.000000	2
1362360181.655000	-88.000000	2
1362360181.656000	-88.000000	2
1362360181.658000	-88.000000	2
1362360181.663000	-88.000000	2
1362360181.753000	-88.000000	2
1362360181.778000	-89.000000	2
1362360181.798000	-89.000000	2
1362360181.843000	-89.000000	2
1362360181.878000	-89.000000	2
1362360181.933000	-89.000000	2
1362360181.958000	-89.000000	2
1362360182.033000	-89.000000	2
1362360182.038000	-89.000000	2
1362360182.178000	-89.000000	2
1362360182.198000	-89.000000	2
1362360182.278000	-89.000000	2
1362360182.358000	-89.000000	2
1362360182.438000	-90.000000	2
1362360188.529000	-90.000000	2
1362360199.346000	-90.000000	2
1362360199.378000	-89.000000	2
1362360199.398000	-89.000000	2
1362360199.478000	-89.000000	2
1362360199.558000	-90.000000	2
1362360199.638000	-89.000000	2
1362360199.693000	-89.000000	2
1362360199.778000	-91.000000	2
1362360199.783000	-91.000000	2
1362360199.798000	-90.000000	2
1362360199.878000	-90.000000	2
1362360199.958000	-89.000000	2
1362360200.035000	-89.000000	2
1362360200.036000	-89.000000	2
1362360200.038000	-89.000000	2
1362360200.038000	-89.000000	2
1362360200.043000	-89.000000	2
1362360200.133000	-89.000000	2
1362360200.178000	-89.000000	2
1362360200.198000	-89.000000	2
1362360200.233000	-89.000000	2
1362360200.278000	-89.000000	2
1362360200.324000	-89.000000	2
1362360200.358000	-89.000000	2
1362360200.414000	-89.000000	2
1362360200.438000	-88.000000	2
1362360200.578000	-87.000000	2
1362360200.598000	-87.000000	2
1362360200.678000	-88.000000	2
1362360200.758000	-88.000000	2
1362360200.838000	-88.000000	2
1362360221.266000	-88.000000	2
1362360221.298000	-91.000000	2
1362360221.318000	-90.000000	2
1362360221.398000	-90.000000	2
1362360221.478000	-90.000000	2
1362360221.558000	-90.000000	2
1362360221.693000	-90.000000	2
1362360221.698000	-90.000000	2
1362360221.718000	-91.000000	2
1362360221.773000	-91.000000	2
1362360221.798000	-91.000000	2
1362360221.878000	-91.000000	2
1362360221.958000	-92.000000	2
1362360222.005000	-92.000000	2
1362360222.006000	-92.000000	2
1362360222.008000	-92.000000	2
1362360222.013000	-92.000000	2
1362360222.083000	-92.000000	2
1362360222.098000	-91.000000	2
1362360222.118000	-93.000000	2
1362360222.153000	-93.000000	2
1362360222.198000	-91.000000	2
1362360222.223000	-91.000000	2
1362360222.278000	-91.000000	2
1362360222.294000	-91.000000	2
1362360222.358000	-91.000000	2
1362360222.498000	-90.000000	2
1362360222.518000	-90.000000	2
1362360222.598000	-89.000000	2
1362360222.678000	-90.000000	2
1362360227.569000	-90.000000	2
1362360227.733000	-90.000000	2
1362360227.933000	-90.000000	2
1362360229.426000	-90.000000	2
1362360229.458000	-91.000000	2
1362360229.478000	-91.000000	2
1362360229.558000	-91.000000	2
1362360229.638000	-91.000000	2
1362360229.713000	-91.000000	2
1362360229.718000	-91.000000	2
1362360229.803000	-91.000000	2
1362360229.835000	-91.000000	2
1362360229.836000	-91.000000	2
1362360229.838000	-91.000000	2
1362360229.858000	-91.000000	2
1362360229.878000	-89.000000	2
1362360229.893000	-89.000000	2
1362360229.958000	-88.000000	2
1362360229.983000	-88.000000	2
1362360230.038000	-89.000000	2
1362360230.055000	-89.000000	2
1362360230.056000	-89.000000	2
1362360230.084000	-89.000000	2
1362360230.118000	-89.000000	2
1362360230.183000	-89.000000	2
1362360230.258000	-89.000000	2
1362360230.273000	-89.000000	2
1362360230.278000	-89.000000	2
1362360230.358000	-89.000000	2
1362360230.363000	-89.000000	2
1362360230.438000	-89.000000	2
1362360230.453000	-89.000000	2
1362360230.518000	-91.000000	2
1362360230.658000	-89.000000	2
1362360230.678000	-89.000000	2
1362360230.758000	-89.000000	2
1362360230.838000	-89.000000	2
1362360237.346000	-89.000000	2
1362360237.378000	-91.000000	2
1362360237.398000	-90.000000	2
1362360237.478000	-92.000000	2
1362360237.558000	-91.000000	2
1362360237.638000	-90.000000	2
1362360237.778000	-90.000000	2
1362360237.798000	-90.000000	2
1362360237.813000	-90.000000	2
1362360237.878000	-90.000000	2
1362360237.923000	-90.000000	2
1362360237.958000	-90.000000	2
1362360238.038000	-90.000000	2
1362360238.169000	-90.000000	2
1362360238.173000	-90.000000	2
1362360238.178000	-90.000000	2
1362360238.198000	-90.000000	2
1362360238.264000	-90.000000	2
1362360238.278000	-90.000000	2
1362360238.358000	-90.000000	2
1362360238.363000	-90.000000	2
1362360238.438000	-91.000000	2
1362360238.578000	-90.000000	2
1362360238.598000	-91.000000	2
1362360238.605000	-91.000000	2
1362360238.606000	-91.000000	2
1362360238.613000	-91.000000	2
1362360238.655000	-91.000000	2
1362360238.678000	-90.000000	2
1362360238.703000	-90.000000	2
1362360238.758000	-91.000000	2
1362360238.794000	-91.000000	2
1362360238.838000	-89.000000	2
1362360238.883000	-89.000000	2
1362360238.955000	-89.000000	2
1362360238.956000	-89.000000	2
1362360238.973000	-89.000000	2
1362360238.978000	-90.000000	2
1362360238.998000	-90.000000	2
1362360239.073000	-90.000000	2
1362360239.078000	-91.000000	2
1362360239.158000	-90.000000	2
1362360239.163000	-90.000000	2
1362360239.238000	-91.000000	2
1362360239.263000	-91.000000	2
1362360239.353000	-91.000000	2
1362360239.378000	-91.000000	2
1362360239.398000	-89.000000	2
1362360239.453000	-89.000000	2
1362360239.478000	-90.000000	2
1362360239.553000	-90.000000	2
1362360239.558000	-89.000000	2
1362360239.638000	-90.000000	2
1362360239.663000	-90.000000	2
1362360239.778000	-91.000000	2
1362360239.798000	-91.000000	2
1362360239.878000	-91.000000	2
1362360239.958000	-90.000000	2
1362360245.489000	-90.000000	2
1362360246.170000	-90.000000	2
1362360246.173000	-90.000000	2
1362360246.274000	-90.000000	2
1362360246.508000	-91.000000	2
1362360246.515000	-91.000000	2
1362360246.518000	-91.000000	2
1362360246.519000	-91.000000	2
1362360246.524000	-91.000000	2
1362360246.568000	-92.000000	2
1362360246.614000	-92.000000	2
1362360246.648000	-90.000000	2
1362360246.703000	-90.000000	2
1362360246.728000	-90.000000	2
1362360246.803000	-90.000000	2
1362360246.868000	-90.000000	2
1362360246.888000	-90.000000	2
1362360246.903000	-90.000000	2
1362360246.968000	-91.000000	2
1362360247.048000	-91.000000	2
1362360247.128000	-91.000000	2
1362360247.268000	-91.000000	2
1362360247.288000	-91.000000	2
1362360256.369000	-91.000000	2
1362360267.266000	-91.000000	2
1362360267.298000	-91.000000	2
1362360267.318000	-91.000000	2
1362360267.398000	-91.000000	2
1362360267.478000	-91.000000	2
1362360267.558000	-91.000000	2
1362360267.613000	-91.000000	2
1362360267.698000	-90.000000	2
1362360267.713000	-90.000000	2
1362360267.718000	-90.000000	2
1362360267.798000	-91.000000	2
1362360267.878000	-91.000000	2
1362360267.958000	-91.000000	2
1362360267.975000	-91.000000	2
1362360267.978000	-91.000000	2
1362360267.979000	-91.000000	2
1362360267.983000	-91.000000	2
1362360268.084000	-91.000000	2
1362360268.098000	-89.000000	2
1362360268.118000	-91.000000	2
1362360268.183000	-91.000000	2
1362360268.198000	-91.000000	2
1362360268.278000	-91.000000	2
1362360268.284000	-91.000000	2
1362360268.358000	-91.000000	2
1362360268.373000	-91.000000	2
1362360268.498000	-90.000000	2
1362360268.518000	-90.000000	2
1362360268.598000	-91.000000	2
1362360268.678000	-90.000000	2
1362360268.758000	-90.000000	2
1362360273.329000	-90.000000	2
1362360274.466000	-90.000000	2
1362360274.498000	-91.000000	2
1362360274.518000	-91.000000	2
1362360274.598000	-91.000000	2
1362360274.678000	-92.000000	2
1362360274.758000	-92.000000	2
1362360274.774000	-92.000000	2
1362360274.863000	-92.000000	2
1362360274.898000	-92.000000	2
1362360274.918000	-92.000000	2
1362360274.998000	-92.000000	2
1362360275.078000	-92.000000	2
1362360275.115000	-92.000000	2
1362360275.118000	-92.000000	2
1362360275.119000	-92.000000	2
1362360275.124000	-92.000000	2
1362360275.158000	-92.000000	2
1362360275.213000	-92.000000	2
1362360275.293000	-92.000000	2
1362360275.298000	-92.000000	2
1362360275.318000	-93.000000	2
1362360275.373000	-93.000000	2
1362360275.398000	-92.000000	2
1362360275.463000	-92.000000	2
1362360275.478000	-92.000000	2
1362360275.558000	-92.000000	2
1362360275.698000	-92.000000	2
1362360275.718000	-92.000000	2
1362360275.798000	-92.000000	2
1362360275.878000	-92.000000	2
1362360280.369000	-92.000000	2
1362360291.426000	-92.000000	2
1362360291.458000	-90.000000	2
1362360291.478000	-90.000000	2
1362360291.558000	-90.000000	2
1362360291.638000	-90.000000	2
1362360291.718000	-90.000000	2
1362360291.753000	-90.000000	2
1362360291.834000	-90.000000	2
1362360291.858000	-89.000000	2
1362360291.878000	-91.000000	2
1362360291.958000	-91.000000	2
1362360292.038000	-90.000000	2
1362360292.085000	-90.000000	2
1362360292.088000	-90.000000	2
1362360292.089000	-90.000000	2
1362360292.093000	-90.000000	2
1362360292.118000	-90.000000	2
1362360292.173000	-90.000000	2
1362360292.253000	-90.000000	2
1362360292.258000	-90.000000	2
1362360292.278000	-90.000000	2
1362360292.343000	-90.000000	2
1362360292.358000	-90.000000	2
1362360292.434000	-90.000000	2
1362360292.438000	-89.000000	2
1362360292.518000	-90.000000	2
1362360292.658000	-91.000000	2
1362360292.678000	-90.000000	2
1362360292.758000	-91.000000	2
1362360297.649000	-91.000000	2
1362360299.506000	-91.000000	2
1362360299.538000	-93.000000	2
1362360299.558000	-93.000000	2
1362360299.638000	-91.000000	2
1362360299.718000	-91.000000	2
1362360299.798000	-90.000000	2
1362360299.938000	-90.000000	2
1362360299.958000	-89.000000	2
1362360300.038000	-89.000000	2
1362360300.118000	-89.000000	2
1362360300.198000	-89.000000	2
1362360300.338000	-88.000000	2
1362360300.358000	-90.000000	2
1362360300.438000	-89.000000	2
1362360300.518000	-89.000000	2
1362360300.598000	-88.000000	2
1362360300.738000	-88.000000	2
1362360300.758000	-89.000000	2
1362360300.838000	-89.000000	2
1362360300.918000	-89.000000	2
1362360300.998000	-89.000000	2
1362360301.138000	-89.000000	2
1362360301.158000	-89.000000	2
1362360301.238000	-89.000000	2
1362360301.318000	-89.000000	2
1362360301.398000	-88.000000	2
1362360301.538000	-88.000000	2
1362360301.558000	-89.000000	2
1362360301.638000	-89.000000	2
1362360301.718000	-89.000000	2
1362360301.798000	-89.000000	2
1362360301.938000	-89.000000	2
1362360301.958000	-89.000000	2
1362360302.038000	-89.000000	2
1362360302.118000	-89.000000	2
1362360302.198000	-89.000000	2
1362360302.329000	-89.000000	2
1362360302.338000	-89.000000	2
1362360302.358000	-89.000000	2
1362360302.438000	-89.000000	2
1362360302.518000	-89.000000	2
1362360302.598000	-89.000000	2
1362360302.738000	-89.000000	2
1362360302.758000	-89.000000	2
1362360302.838000	-89.000000	2
1362360302.854000	-89.000000	2
1362360302.918000	-89.000000	2
1362360302.944000	-89.000000	2
1362360302.998000	-89.000000	2
1362360303.023000	-89.000000	2
1362360303.113000	-89.000000	2
1362360303.138000	-89.000000	2
1362360303.158000	-90.000000	2
1362360303.195000	-90.000000	2
1362360303.198000	-90.000000	2
1362360303.199000	-90.000000	2
1362360303.203000	-90.000000	2
1362360303.238000	-88.000000	2
1362360303.294000	-88.000000	2
1362360303.318000	-89.000000	2
1362360303.355000	-89.000000	2
1362360303.358000	-89.000000	2
1362360303.384000	-89.000000	2
1362360303.398000	-89.000000	2
1362360303.474000	-89.000000	2
1362360303.538000	-89.000000	2
1362360303.558000	-89.000000	2
1362360303.564000	-89.000000	2
1362360303.638000	-89.000000	2
1362360303.653000	-89.000000	2
1362360303.718000	-89.000000	2
1362360303.743000	-89.000000	2
1362360303.798000	-90.000000	2
1362360303.938000	-89.000000	2
1362360303.958000	-88.000000	2
1362360304.038000	-89.000000	2
1362360304.118000	-89.000000	2
1362360308.849000	-89.000000	2
1362360319.666000	-89.000000	2
1362360319.698000	-90.000000	2
1362360319.718000	-91.000000	2
1362360319.798000	-91.000000	2
1362360319.878000	-90.000000	2
1362360319.958000	-91.000000	2
1362360320.014000	-91.000000	2
1362360320.094000	-91.000000	2
1362360320.098000	-90.000000	2
1362360320.118000	-92.000000	2
1362360320.198000	-90.000000	2
1362360320.278000	-91.000000	2
1362360320.335000	-91.000000	2
1362360320.336000	-91.000000	2
1362360320.338000	-91.000000	2
1362360320.344000	-91.000000	2
1362360320.358000	-90.000000	2
1362360320.423000	-90.000000	2
1362360320.498000	-91.000000	2
1362360320.518000	-90.000000	2
1362360320.523000	-90.000000	2
1362360320.598000	-90.000000	2
1362360320.613000	-90.000000	2
1362360320.678000	-91.000000	2
1362360320.714000	-91.000000	2
1362360320.758000	-90.000000	2
1362360320.898000	-90.000000	2
1362360320.918000	-90.000000	2
1362360320.998000	-91.000000	2
1362360321.078000	-91.000000	2
1362360325.809000	-91.000000	2
1362360328.786000	-91.000000	2
1362360328.818000	-91.000000	2
1362360328.838000	-90.000000	2
1362360328.918000	-89.000000	2
1362360328.998000	-89.000000	2
1362360329.078000	-91.000000	2
1362360329.124000	-91.000000	2
1362360329.218000	-91.000000	2
1362360329.223000	-91.000000	2
1362360329.238000	-90.000000	2
1362360329.318000	-90.000000	2
1362360329.398000	-91.000000	2
1362360329.465000	-91.000000	2
1362360329.468000	-91.000000	2
1362360329.469000	-91.000000	2
1362360329.474000	-91.000000	2
1362360329.478000	-91.000000	2
1362360329.564000	-91.000000	2
1362360329.618000	-90.000000	2
1362360329.638000	-91.000000	2
1362360329.654000	-91.000000	2
1362360329.718000	-90.000000	2
1362360329.743000	-90.000000	2
1362360329.798000	-90.000000	2
1362360329.834000	-90.000000	2
1362360329.878000	-90.000000	2
1362360330.018000	-89.000000	2
1362360330.038000	-90.000000	2
1362360330.118000	-90.000000	2
1362360330.198000	-90.000000	2
1362360334.769000	-90.000000	2
1362360339.426000	-90.000000	2
1362360339.458000	-92.000000	2
1362360339.478000	-91.000000	2
1362360339.558000	-91.000000	2
1362360339.638000	-90.000000	2
1362360339.718000	-91.000000	2
1362360339.858000	-91.000000	2
1362360339.878000	-91.000000	2
1362360339.885000	-91.000000	2
1362360339.894000	-91.000000	2
1362360339.905000	-91.000000	2
1362360339.958000	-92.000000	2
1362360339.993000	-92.000000	2
1362360340.038000	-92.000000	2
1362360340.118000	-92.000000	2
1362360340.258000	-92.000000	2
1362360340.278000	-92.000000	2
1362360340.358000	-91.000000	2
1362360340.438000	-90.000000	2
1362360340.518000	-92.000000	2
1362360340.658000	-91.000000	2
1362360340.678000	-92.000000	2
1362360340.758000	-91.000000	2
1362360340.838000	-92.000000	2
1362360340.918000	-92.000000	2
1362360341.058000	-90.000000	2
1362360341.078000	-92.000000	2
1362360341.155000	-92.000000	2
1362360341.158000	-91.000000	2
1362360341.164000	-91.000000	2
1362360341.238000	-93.000000	2
1362360341.318000	-92.000000	2
1362360341.458000	-92.000000	2
1362360341.478000	-91.000000	2
1362360341.558000	-90.000000	2
1362360341.638000	-92.000000	2
1362360341.718000	-92.000000	2
1362360341.858000	-92.000000	2
1362360341.878000	-92.000000	2
1362360341.905000	-92.000000	2
1362360341.914000	-92.000000	2
1362360341.958000	-92.000000	2
1362360342.038000	-92.000000	2
1362360342.118000	-93.000000	2
1362360342.258000	-92.000000	2
1362360342.278000	-92.000000	2
1362360342.358000	-92.000000	2
1362360342.415000	-92.000000	2
1362360342.424000	-92.000000	2
1362360342.438000	-92.000000	2
1362360342.518000	-92.000000	2
1362360342.658000	-92.000000	2
1362360342.678000	-92.000000	2
1362360342.758000	-91.000000	2
1362360342.838000	-91.000000	2
1362360342.918000	-91.000000	2
1362360343.058000	-92.000000	2
1362360343.078000	-91.000000	2
1362360343.158000	-91.000000	2
1362360343.238000	-91.000000	2
1362360343.318000	-92.000000	2
1362360343.458000	-91.000000	2
1362360343.478000	-91.000000	2
1362360343.558000	-91.000000	2
1362360343.638000	-93.000000	2
1362360343.718000	-91.000000	2
1362360343.858000	-92.000000	2
1362360343.878000	-91.000000	2
1362360343.958000	-92.000000	2
1362360344.038000	-92.000000	2
1362360344.118000	-92.000000	2
1362360344.258000	-91.000000	2
1362360344.278000	-92.000000	2
1362360344.358000	-92.000000	2
1362360344.438000	-92.000000	2
1362360344.518000	-91.000000	2
1362360344.658000	-91.000000	2
1362360344.678000	-92.000000	2
1362360344.758000	-92.000000	2
1362360344.838000	-91.000000	2
1362360345.586000	-91.000000	2
1362360345.618000	-91.000000	2
1362360345.638000	-91.000000	2
1362360345.718000	-92.000000	2
1362360345.798000	-91.000000	2
1362360345.873000	-91.000000	2
1362360345.878000	-91.000000	2
1362360345.963000	-91.000000	2
1362360346.018000	-92.000000	2
1362360346.038000	-91.000000	2
1362360346.118000	-90.000000	2
1362360346.198000	-91.000000	2
1362360346.278000	-91.000000	2
1362360348.386000	-91.000000	2
1362360348.418000	-91.000000	2
1362360348.438000	-91.000000	2
1362360348.518000	-91.000000	2
1362360348.570000	-91.000000	2
1362360348.598000	-91.000000	2
1362360348.653000	-91.000000	2
1362360348.678000	-90.000000	2
1362360348.744000	-90.000000	2
1362360348.775000	-90.000000	2
1362360348.778000	-90.000000	2
1362360348.779000	-90.000000	2
1362360348.818000	-91.000000	2
1362360348.834000	-91.000000	2
1362360348.838000	-90.000000	2
1362360348.918000	-90.000000	2
1362360348.924000	-90.000000	2
1362360348.995000	-90.000000	2
1362360348.996000	-90.000000	2
1362360348.998000	-91.000000	2
1362360349.013000	-91.000000	2
1362360349.078000	-90.000000	2
1362360349.104000	-90.000000	2
1362360349.184000	-90.000000	2
1362360349.218000	-92.000000	2
1362360349.238000	-91.000000	2
1362360349.273000	-91.000000	2
1362360349.318000	-91.000000	2
1362360349.353000	-91.000000	2
1362360349.398000	-91.000000	2
1362360349.478000	-91.000000	2
1362360349.618000	-90.000000	2
1362360349.638000	-91.000000	2
1362360349.718000	-91.000000	2
1362360358.546000	-91.000000	2
1362360358.575000	-90.000000	2
1362360358.598000	-90.000000	2
1362360358.678000	-90.000000	2
1362360358.758000	-90.000000	2
1362360358.838000	-90.000000	2
1362360358.943000	-90.000000	2
1362360358.978000	-89.000000	2
1362360358.998000	-91.000000	2
1362360359.014000	-91.000000	2
1362360359.078000	-90.000000	2
1362360359.158000	-89.000000	2
1362360359.238000	-90.000000	2
1362360359.255000	-90.000000	2
1362360359.258000	-90.000000	2
1362360359.259000	-90.000000	2
1362360359.264000	-90.000000	2
1362360359.324000	-90.000000	2
1362360359.378000	-90.000000	2
1362360359.398000	-91.000000	2
1362360359.404000	-91.000000	2
1362360359.478000	-90.000000	2
1362360359.483000	-90.000000	2
1362360359.554000	-90.000000	2
1362360359.558000	-90.000000	2
1362360359.638000	-90.000000	2
1362360359.771000	-90.000000	2
1362360359.798000	-91.000000	2
1362360359.878000	-90.000000	2
1362360364.369000	-90.000000	2
1362360375.426000	-90.000000	2
1362360375.455000	-90.000000	2
1362360375.478000	-90.000000	2
1362360375.558000	-90.000000	2
1362360375.638000	-90.000000	2
1362360375.718000	-89.000000	2
1362360375.754000	-89.000000	2
1362360375.834000	-89.000000	2
1362360375.851000	-91.000000	2
1362360375.878000	-89.000000	2
1362360375.958000	-89.000000	2
1362360376.038000	-89.000000	2
1362360376.085000	-89.000000	2
1362360376.086000	-89.000000	2
1362360376.088000	-89.000000	2
1362360376.094000	-89.000000	2
1362360376.118000	-90.000000	2
1362360376.164000	-90.000000	2
1362360376.251000	-89.000000	2
1362360376.253000	-89.000000	2
1362360376.278000	-89.000000	2
1362360376.334000	-89.000000	2
1362360376.358000	-89.000000	2
1362360376.414000	-89.000000	2
1362360376.438000	-89.000000	2
1362360376.518000	-89.000000	2
1362360376.651000	-89.000000	2
1362360376.678000	-88.000000	2
1362360376.758000	-88.000000	2
1362360381.649000	-88.000000	2
1362360386.546000	-88.000000	2
1362360386.571000	-90.000000	2
1362360386.598000	-90.000000	2
1362360386.678000	-90.000000	2
1362360386.758000	-89.000000	2
1362360386.838000	-89.000000	2
1362360386.884000	-89.000000	2
1362360386.964000	-89.000000	2
1362360386.975000	-89.000000	2
1362360386.998000	-90.000000	2
1362360387.078000	-90.000000	2
1362360387.158000	-90.000000	2
1362360387.205000	-90.000000	2
1362360387.206000	-90.000000	2
1362360387.208000	-90.000000	2
1362360387.214000	-90.000000	2
1362360387.238000	-89.000000	2
1362360387.284000	-89.000000	2
1362360387.364000	-89.000000	2
1362360387.371000	-90.000000	2
1362360387.398000	-89.000000	2
1362360387.444000	-89.000000	2
1362360387.478000	-89.000000	2
1362360387.524000	-89.000000	2
1362360387.558000	-90.000000	2
1362360387.638000	-89.000000	2
1362360387.755000	-89.000000	2
1362360387.764000	-89.000000	2
1362360387.769000	-89.000000	2
1362360387.798000	-90.000000	2
1362360387.878000	-89.000000	2
1362360392.689000	-89.000000	2
1362360392.788000	-91.000000	2
1362360392.808000	-91.000000	2
1362360392.888000	-91.000000	2
1362360392.968000	-91.000000	2
1362360393.048000	-91.000000	2
1362360393.188000	-91.000000	2
1362360393.208000	-91.000000	2
1362360393.288000	-91.000000	2
1362360393.368000	-91.000000	2
1362360403.506000	-91.000000	2
1362360403.538000	-91.000000	2
1362360403.558000	-90.000000	2
1362360403.638000	-90.000000	2
1362360403.718000	-90.000000	2
1362360403.798000	-90.000000	2
1362360403.844000	-90.000000	2
1362360403.934000	-90.000000	2
1362360403.938000	-90.000000	2
1362360403.958000	-89.000000	2
1362360404.038000	-91.000000	2
1362360404.118000	-91.000000	2
1362360404.185000	-91.000000	2
1362360404.186000	-91.000000	2
1362360404.188000	-91.000000	2
1362360404.194000	-91.000000	2
1362360404.198000	-90.000000	2
1362360404.284000	-90.000000	2
1362360404.338000	-91.000000	2
1362360404.358000	-90.000000	2
1362360404.374000	-90.000000	2
1362360404.438000	-91.000000	2
1362360404.464000	-91.000000	2
1362360404.518000	-91.000000	2
1362360404.554000	-91.000000	2
1362360404.598000	-91.000000	2
1362360404.738000	-91.000000	2
1362360404.758000	-91.000000	2
1362360404.838000	-91.000000	2
1362360404.918000	-91.000000	2
1362360409.649000	-91.000000	2
1362360415.666000	-91.000000	2
1362360415.698000	-91.000000	2
1362360415.718000	-91.000000	2
1362360415.798000	-91.000000	2
1362360415.878000	-91.000000	2
1362360415.958000	-91.000000	2
1362360415.964000	-91.000000	2
1362360416.034000	-91.000000	2
1362360416.098000	-91.000000	2
1362360416.118000	-91.000000	2
1362360416.198000	-91.000000	2
1362360416.255000	-91.000000	2
1362360416.258000	-91.000000	2
1362360416.259000	-91.000000	2
1362360416.264000	-91.000000	2
1362360416.278000	-90.000000	2
1362360416.334000	-90.000000	2
1362360416.358000	-92.000000	2
1362360416.404000	-92.000000	2
1362360416.474000	-92.000000	2
1362360416.498000	-91.000000	2
1362360416.518000	-92.000000	2
1362360416.544000	-92.000000	2
1362360416.598000	-91.000000	2
1362360416.678000	-92.000000	2
1362360416.758000	-91.000000	2
1362360416.898000	-92.000000	2
1362360421.489000	-92.000000	2
1362360432.386000	-92.000000	2
1362360432.418000	-92.000000	2
1362360432.438000	-92.000000	2
1362360432.518000	-92.000000	2
1362360432.598000	-92.000000	2
1362360432.678000	-91.000000	2
1362360432.704000	-91.000000	2
1362360432.784000	-91.000000	2
1362360432.818000	-92.000000	2
1362360432.838000	-91.000000	2
1362360432.918000	-92.000000	2
1362360432.998000	-91.000000	2
1362360433.025000	-91.000000	2
1362360433.028000	-91.000000	2
1362360433.029000	-91.000000	2
1362360433.034000	-91.000000	2
1362360433.078000	-92.000000	2
1362360433.114000	-92.000000	2
1362360433.184000	-92.000000	2
1362360433.218000	-91.000000	2
1362360433.238000	-91.000000	2
1362360433.264000	-91.000000	2
1362360433.318000	-92.000000	2
1362360433.334000	-92.000000	2
1362360433.398000	-92.000000	2
1362360433.478000	-92.000000	2
1362360433.618000	-92.000000	2
1362360433.638000	-92.000000	2
1362360433.718000	-92.000000	2
1362360438.449000	-92.000000	2
1362360445.506000	-92.000000	2
1362360445.538000	-94.000000	2
1362360445.558000	-94.000000	2
1362360445.638000	-94.000000	2
1362360445.718000	-92.000000	2
1362360445.798000	-92.000000	2
1362360445.854000	-92.000000	2
1362360445.938000	-92.000000	2
1362360445.944000	-92.000000	2
1362360445.958000	-92.000000	2
1362360446.038000	-92.000000	2
1362360446.118000	-93.000000	2
1362360446.195000	-93.000000	2
1362360446.196000	-93.000000	2
1362360446.198000	-92.000000	2
1362360446.198000	-92.000000	2
1362360446.204000	-92.000000	2
1362360446.284000	-92.000000	2
1362360446.338000	-92.000000	2
1362360446.358000	-93.000000	2
1362360446.374000	-93.000000	2
1362360446.438000	-94.000000	2
1362360446.454000	-94.000000	2
1362360446.518000	-93.000000	2
1362360446.534000	-93.000000	2
1362360446.598000	-92.000000	2
1362360446.738000	-92.000000	2
1362360446.758000	-92.000000	2
1362360446.838000	-92.000000	2
1362360446.918000	-92.000000	2
1362360451.249000	-92.000000	2
1362360462.466000	-92.000000	2
1362360462.498000	-93.000000	2
1362360462.518000	-93.000000	2
1362360462.598000	-94.000000	2
1362360462.678000	-93.000000	2
1362360462.758000	-93.000000	2
1362360462.774000	-93.000000	2
1362360462.844000	-93.000000	2
1362360462.898000	-93.000000	2
1362360462.918000	-94.000000	2
1362360462.998000	-94.000000	2
1362360463.075000	-94.000000	2
1362360463.076000	-94.000000	2
1362360463.078000	-92.000000	2
1362360463.078000	-92.000000	2
1362360463.084000	-92.000000	2
1362360463.158000	-93.000000	2
1362360463.164000	-93.000000	2
1362360463.234000	-93.000000	2
1362360463.298000	-93.000000	2
1362360463.304000	-93.000000	2
1362360463.318000	-93.000000	2
1362360463.374000	-93.000000	2
1362360463.398000	-93.000000	2
1362360463.478000	-93.000000	2
1362360463.558000	-93.000000	2
1362360463.698000	-93.000000	2
1362360463.718000	-93.000000	2
1362360468.529000	-93.000000	2
1362360476.466000	-93.000000	2
1362360476.498000	-92.000000	2
1362360476.518000	-92.000000	2
1362360476.598000	-92.000000	2
1362360476.678000	-93.000000	2
1362360476.758000	-92.000000	2
1362360476.794000	-92.000000	2
1362360476.874000	-92.000000	2
1362360476.898000	-91.000000	2
1362360476.918000	-93.000000	2
1362360476.998000	-92.000000	2
1362360477.078000	-92.000000	2
1362360477.125000	-92.000000	2
1362360477.128000	-92.000000	2
1362360477.129000	-92.000000	2
1362360477.134000	-92.000000	2
1362360477.158000	-91.000000	2
1362360477.204000	-91.000000	2
1362360477.284000	-91.000000	2
1362360477.298000	-91.000000	2
1362360477.318000	-92.000000	2
1362360477.364000	-92.000000	2
1362360477.398000	-92.000000	2
1362360477.434000	-92.000000	2
1362360477.478000	-92.000000	2
1362360477.558000	-92.000000	2
1362360477.698000	-93.000000	2
1362360477.718000	-93.000000	2
1362360477.798000	-92.000000	2
1362360482.289000	-92.000000	2
1362360491.746000	-92.000000	2
1362360491.778000	-92.000000	2
1362360491.798000	-92.000000	2
1362360491.878000	-90.000000	2
1362360491.958000	-92.000000	2
1362360492.038000	-92.000000	2
1362360492.178000	-91.000000	2
1362360492.195000	-91.000000	2
1362360492.198000	-92.000000	2
1362360492.204000	-92.000000	2
1362360492.215000	-92.000000	2
1362360492.219000	-92.000000	2
1362360492.278000	-91.000000	2
1362360492.284000	-91.000000	2
1362360492.358000	-92.000000	2
1362360492.364000	-92.000000	2
1362360492.438000	-92.000000	2
1362360492.465000	-92.000000	2
1362360492.466000	-92.000000	2
1362360492.474000	-92.000000	2
1362360492.554000	-92.000000	2
1362360492.578000	-92.000000	2
1362360492.598000	-92.000000	2
1362360492.634000	-92.000000	2
1362360492.678000	-92.000000	2
1362360492.758000	-92.000000	2
1362360492.838000	-92.000000	2
1362360492.978000	-92.000000	2
1362360492.998000	-92.000000	2
1362360493.078000	-91.000000	2
1362360493.149000	-91.000000	2
1362360493.154000	-91.000000	2
1362360493.158000	-92.000000	2
1362360493.234000	-92.000000	2
1362360493.238000	-92.000000	2
1362360493.378000	-92.000000	2
1362360493.398000	-91.000000	2
1362360493.465000	-91.000000	2
1362360493.468000	-91.000000	2
1362360493.469000	-91.000000	2
1362360493.474000	-91.000000	2
1362360493.478000	-91.000000	2
1362360493.554000	-91.000000	2
1362360493.558000	-92.000000	2
1362360493.638000	-92.000000	2
1362360493.644000	-92.000000	2
1362360493.724000	-92.000000	2
1362360493.778000	-92.000000	2
1362360493.798000	-93.000000	2
1362360493.804000	-93.000000	2
1362360493.878000	-92.000000	2
1362360493.958000	-92.000000	2
1362360494.038000	-92.000000	2
1362360494.178000	-92.000000	2
1362360494.198000	-92.000000	2
1362360498.929000	-92.000000	2
1362360507.906000	-92.000000	2
1362360507.938000	-90.000000	2
1362360507.958000	-91.000000	2
1362360508.038000	-91.000000	2
1362360508.118000	-91.000000	2
1362360508.198000	-90.000000	2
1362360508.244000	-90.000000	2
1362360508.334000	-90.000000	2
1362360508.338000	-91.000000	2
1362360508.358000	-91.000000	2
1362360508.438000	-91.000000	2
1362360508.518000	-91.000000	2
1362360508.575000	-91.000000	2
1362360508.576000	-91.000000	2
1362360508.578000	-91.000000	2
1362360508.584000	-91.000000	2
1362360508.598000	-91.000000	2
1362360508.664000	-91.000000	2
1362360508.738000	-90.000000	2
1362360508.754000	-90.000000	2
1362360508.758000	-90.000000	2
1362360508.838000	-92.000000	2
1362360508.844000	-92.000000	2
1362360508.918000	-91.000000	2
1362360508.924000	-91.000000	2
1362360508.998000	-92.000000	2
1362360509.138000	-91.000000	2
1362360509.158000	-91.000000	2
1362360509.238000	-90.000000	2
1362360509.318000	-92.000000	2
1362360513.649000	-92.000000	2
1362360524.786000	-92.000000	2
1362360524.818000	-92.000000	2
1362360524.838000	-92.000000	2
1362360524.918000	-92.000000	2
1362360524.998000	-92.000000	2
1362360525.078000	-91.000000	2
1362360525.094000	-91.000000	2
1362360525.174000	-91.000000	2
1362360525.218000	-92.000000	2
1362360525.238000	-92.000000	2
1362360525.318000	-91.000000	2
1362360525.398000	-92.000000	2
1362360525.405000	-92.000000	2
1362360525.408000	-92.000000	2
1362360525.409000	-92.000000	2
1362360525.414000	-92.000000	2
1362360525.478000	-91.000000	2
1362360525.484000	-91.000000	2
1362360525.554000	-91.000000	2
1362360525.618000	-92.000000	2
1362360525.634000	-92.000000	2
1362360525.638000	-92.000000	2
1362360525.704000	-92.000000	2
1362360525.718000	-91.000000	2
1362360525.798000	-91.000000	2
1362360525.878000	-92.000000	2
1362360526.018000	-92.000000	2
1362360526.038000	-91.000000	2
1362360530.929000	-91.000000	2
1362360537.426000	-91.000000	2
1362360537.458000	-92.000000	2
1362360537.478000	-92.000000	2
1362360537.558000	-90.000000	2
1362360537.638000	-92.000000	2
1362360537.718000	-92.000000	2
1362360537.764000	-92.000000	2
1362360537.844000	-92.000000	2
1362360537.858000	-92.000000	2
1362360537.878000	-91.000000	2
1362360537.958000	-92.000000	2
1362360538.038000	-90.000000	2
1362360538.089000	-90.000000	2
1362360538.094000	-90.000000	2
1362360538.118000	-92.000000	2
1362360538.174000	-92.000000	2
1362360538.254000	-92.000000	2
1362360538.258000	-92.000000	2
1362360538.278000	-91.000000	2
1362360538.358000	-90.000000	2
1362360538.438000	-92.000000	2
1362360538.485000	-92.000000	2
1362360538.486000	-92.000000	2
1362360538.490000	-92.000000	2
1362360538.494000	-92.000000	2
1362360538.518000	-91.000000	2
1362360538.574000	-91.000000	2
1362360538.654000	-91.000000	2
1362360538.658000	-90.000000	2
1362360538.678000	-92.000000	2
1362360538.744000	-92.000000	2
1362360538.758000	-92.000000	2
1362360538.815000	-92.000000	2
1362360538.816000	-92.000000	2
1362360538.834000	-92.000000	2
1362360538.838000	-92.000000	2
1362360538.918000	-92.000000	2
1362360538.924000	-92.000000	2
1362360539.004000	-92.000000	2
1362360539.058000	-91.000000	2
1362360539.078000	-92.000000	2
1362360539.084000	-92.000000	2
1362360539.158000	-91.000000	2
1362360539.164000	-91.000000	2
1362360539.238000	-91.000000	2
1362360539.244000	-91.000000	2
1362360539.318000	-91.000000	2
1362360539.324000	-91.000000	2
1362360539.414000	-91.000000	2
1362360539.458000	-93.000000	2
1362360539.478000	-91.000000	2
1362360539.558000	-92.000000	2
1362360539.638000	-92.000000	2
1362360539.718000	-92.000000	2
1362360545.649000	-92.000000	2
1362360555.986000	-92.000000	2
1362360556.018000	-92.000000	2
1362360556.038000	-92.000000	2
1362360556.118000	-92.000000	2
1362360556.198000	-92.000000	2
1362360556.278000	-91.000000	2
1362360556.304000	-91.000000	2
1362360556.384000	-91.000000	2
1362360556.418000	-92.000000	2
1362360556.438000	-92.000000	2
1362360556.518000	-92.000000	2
1362360556.598000	-92.000000	2
1362360556.615000	-92.000000	2
1362360556.616000	-92.000000	2
1362360556.618000	-92.000000	2
1362360556.624000	-92.000000	2
1362360556.678000	-91.000000	2
1362360556.704000	-91.000000	2
1362360556.784000	-91.000000	2
1362360556.818000	-92.000000	2
1362360556.838000	-92.000000	2
1362360556.854000	-92.000000	2
1362360556.918000	-93.000000	2
1362360556.934000	-93.000000	2
1362360556.998000	-92.000000	2
1362360557.078000	-92.000000	2
1362360557.218000	-93.000000	2
1362360557.238000	-92.000000	2
1362360557.318000	-93.000000	2
1362360561.969000	-93.000000	2
1362360573.106000	-93.000000	2
1362360573.138000	-90.000000	2
1362360573.158000	-90.000000	2
1362360573.238000	-90.000000	2
1362360573.318000	-90.000000	2
1362360573.398000	-91.000000	2
1362360573.444000	-91.000000	2
1362360573.534000	-91.000000	2
1362360573.538000	-89.000000	2
1362360573.558000	-90.000000	2
1362360573.638000	-90.000000	2
1362360573.718000	-90.000000	2
1362360573.765000	-90.000000	2
1362360573.766000	-90.000000	2
1362360573.768000	-90.000000	2
1362360573.774000	-90.000000	2
1362360573.798000	-90.000000	2
1362360573.854000	-90.000000	2
1362360573.938000	-90.000000	2
1362360573.944000	-90.000000	2
1362360573.958000	-90.000000	2
1362360574.024000	-90.000000	2
1362360574.038000	-90.000000	2
1362360574.104000	-90.000000	2
1362360574.118000	-90.000000	2
1362360574.198000	-90.000000	2
1362360574.338000	-91.000000	2
1362360574.358000	-90.000000	2
1362360574.438000	-91.000000	2
1362360574.518000	-92.000000	2
1362360578.929000	-92.000000	2
1362360731.106000	-92.000000	2
1362360731.138000	-88.000000	2
1362360731.158000	-88.000000	2
1362360731.238000	-89.000000	2
1362360731.318000	-88.000000	2
1362360731.398000	-88.000000	2
1362360731.538000	-88.000000	2
1362360731.555000	-88.000000	2
1362360731.558000	-90.000000	2
1362360731.564000	-90.000000	2
1362360731.638000	-88.000000	2
1362360731.718000	-88.000000	2
1362360731.798000	-88.000000	2
1362360731.938000	-87.000000	2
1362360731.958000	-88.000000	2
1362360732.038000	-87.000000	2
1362360732.118000	-88.000000	2
1362360732.198000	-88.000000	2
1362360732.338000	-88.000000	2
1362360732.358000	-87.000000	2
1362360732.438000	-88.000000	2
1362360732.518000	-88.000000	2
1362360732.598000	-88.000000	2
1362360732.738000	-88.000000	2
1362360732.758000	-88.000000	2
1362360732.838000	-89.000000	2
1362360732.918000	-89.000000	2
1362360732.998000	-88.000000	2
1362360733.138000	-87.000000	2
1362360733.158000	-88.000000	2
1362360733.238000	-88.000000	2
1362360733.318000	-88.000000	2
1362360733.398000	-88.000000	2
1362360733.538000	-88.000000	2
1362360733.558000	-88.000000	2
1362360733.638000	-88.000000	2
1362360733.718000	-88.000000	2
1362360733.798000	-89.000000	2
1362360733.938000	-88.000000	2
1362360733.958000	-88.000000	2
1362360734.706000	-88.000000	2
1362360734.738000	-89.000000	2
1362360734.758000	-88.000000	2
1362360734.838000	-88.000000	2
1362360734.918000	-88.000000	2
1362360734.998000	-89.000000	2
1362360735.138000	-88.000000	2
1362360735.158000	-88.000000	2
1362360735.238000	-88.000000	2
1362360735.318000	-88.000000	2
1362360837.588000	-88.000000	2
1362360837.618000	-88.000000	2
1362360837.638000	-89.000000	2
1362360837.718000	-88.000000	2
1362360837.798000	-88.000000	2
1362360837.878000	-88.000000	2
1362360837.914000	-88.000000	2
1362360837.994000	-88.000000	2
1362360838.018000	-89.000000	2
1362360838.038000	-88.000000	2
1362360838.118000	-88.000000	2
1362360838.198000	-88.000000	2
1362360838.229000	-88.000000	2
1362360838.234000	-88.000000	2
1362360838.278000	-87.000000	2
1362360838.324000	-87.000000	2
1362360838.418000	-88.000000	2
1362360838.424000	-88.000000	2
1362360838.438000	-89.000000	2
1362360838.518000	-88.000000	2
1362360838.598000	-88.000000	2
1362360838.645000	-88.000000	2
1362360838.648000	-88.000000	2
1362360838.650000	-88.000000	2
1362360838.654000	-88.000000	2
1362360838.678000	-89.000000	2
1362360838.734000	-89.000000	2
1362360838.814000	-89.000000	2
1362360838.818000	-89.000000	2
1362360838.838000	-89.000000	2
1362360838.894000	-89.000000	2
1362360838.918000	-88.000000	2
1362360838.974000	-88.000000	2
1362360838.998000	-88.000000	2
1362360839.064000	-88.000000	2
1362360839.078000	-89.000000	2
1362360839.154000	-89.000000	2
1362360839.218000	-87.000000	2
1362360839.234000	-87.000000	2
1362360839.238000	-89.000000	2
1362360839.318000	-88.000000	2
1362360839.324000	-88.000000	2
1362360839.398000	-88.000000	2
1362360839.404000	-88.000000	2
1362360839.478000	-88.000000	2
1362360839.618000	-88.000000	2
1362360839.638000	-87.000000	2
1362360839.718000	-87.000000	2
1362360845.809000	-87.000000	2
1362360854.786000	-87.000000	2
1362360854.818000	-90.000000	2
1362360854.838000	-90.000000	2
1362360854.918000	-91.000000	2
1362360854.998000	-90.000000	2
1362360855.078000	-90.000000	2
1362360855.124000	-90.000000	2
1362360855.204000	-90.000000	2
1362360855.218000	-89.000000	2
1362360855.238000	-89.000000	2
1362360855.284000	-89.000000	2
1362360855.318000	-90.000000	2
1362360855.374000	-90.000000	2
1362360855.398000	-90.000000	2
1362360855.454000	-90.000000	2
1362360855.478000	-90.000000	2
1362360855.544000	-90.000000	2
1362360855.618000	-91.000000	2
1362360855.624000	-91.000000	2
1362360855.638000	-90.000000	2
1362360855.704000	-90.000000	2
1362360855.718000	-91.000000	2
1362360855.794000	-91.000000	2
1362360855.798000	-90.000000	2
1362360855.878000	-90.000000	2
1362360855.884000	-90.000000	2
1362360855.964000	-90.000000	2
1362360856.018000	-90.000000	2
1362360856.038000	-90.000000	2
1362360856.054000	-90.000000	2
1362360856.118000	-90.000000	2
1362360856.134000	-90.000000	2
1362360856.198000	-90.000000	2
1362360856.224000	-90.000000	2
1362360856.278000	-89.000000	2
1362360856.304000	-89.000000	2
1362360856.384000	-89.000000	2
1362360856.418000	-90.000000	2
1362360856.438000	-91.000000	2
1362360856.464000	-91.000000	2
1362360856.518000	-91.000000	2
1362360856.554000	-91.000000	2
1362360856.598000	-91.000000	2
1362360856.634000	-91.000000	2
1362360856.678000	-91.000000	2
1362360856.724000	-91.000000	2
1362360856.804000	-91.000000	2
1362360856.818000	-90.000000	2
1362360856.838000	-90.000000	2
1362360856.884000	-90.000000	2
1362360856.918000	-90.000000	2
1362360856.964000	-90.000000	2
1362360856.998000	-90.000000	2
1362360857.044000	-90.000000	2
1362360857.078000	-90.000000	2
1362360857.124000	-90.000000	2
1362360857.214000	-90.000000	2
1362360857.218000	-90.000000	2
1362360857.238000	-89.000000	2
1362360857.294000	-89.000000	2
1362360857.318000	-91.000000	2
1362360857.374000	-91.000000	2
1362360857.398000	-89.000000	2
1362360857.454000	-89.000000	2
1362360857.478000	-90.000000	2
1362360857.534000	-90.000000	2
1362360857.618000	-90.000000	2
1362360857.624000	-90.000000	2
1362360857.638000	-90.000000	2
1362360857.714000	-90.000000	2
1362360857.718000	-90.000000	2
1362360857.798000	-90.000000	2
1362360857.804000	-90.000000	2
1362360857.878000	-90.000000	2
1362360858.018000	-90.000000	2
1362360858.038000	-90.000000	2
1362360858.118000	-90.000000	2
1362360858.198000	-90.000000	2
1362360858.278000	-90.000000	2
1362360858.418000	-90.000000	2
1362360858.438000	-90.000000	2
1362360858.518000	-90.000000	2
1362360858.598000	-90.000000	2
1362360877.169000	-90.000000	2
1362360894.946000	-90.000000	2
1362360894.978000	-88.000000	2
1362360894.998000	-88.000000	2
1362360895.078000	-88.000000	2
1362360895.158000	-87.000000	2
1362360895.238000	-89.000000	2
1362360895.378000	-88.000000	2
1362360895.395000	-88.000000	2
1362360895.398000	-90.000000	2
1362360895.404000	-90.000000	2
1362360895.430000	-90.000000	2
1362360895.478000	-91.000000	2
1362360895.484000	-91.000000	2
1362360895.558000	-89.000000	2
1362360895.638000	-89.000000	2
1362360895.778000	-88.000000	2
1362360895.798000	-88.000000	2
1362360895.878000	-88.000000	2
1362360895.958000	-88.000000	2
1362360896.038000	-88.000000	2
1362360896.178000	-88.000000	2
1362360896.198000	-88.000000	2
1362360896.278000	-88.000000	2
1362360896.358000	-89.000000	2
1362360896.438000	-88.000000	2
1362360896.578000	-88.000000	2
1362360896.598000	-88.000000	2
1362360896.678000	-88.000000	2
1362360896.758000	-88.000000	2
1362360896.838000	-87.000000	2
1362360896.978000	-88.000000	2
1362360896.998000	-88.000000	2
1362360897.078000	-89.000000	2
1362360897.158000	-88.000000	2
1362360897.238000	-88.000000	2
1362360897.378000	-88.000000	2
1362360897.398000	-88.000000	2
1362360897.478000	-88.000000	2
1362360897.558000	-88.000000	2
1362360897.638000	-88.000000	2
1362360897.778000	-88.000000	2
1362360897.798000	-88.000000	2
1362360897.878000	-88.000000	2
1362360898.546000	-88.000000	2
1362360898.578000	-88.000000	2
1362360898.598000	-88.000000	2
1362360898.678000	-88.000000	2
1362360898.758000	-88.000000	2
1362360898.838000	-88.000000	2
1362360898.978000	-88.000000	2
1362360898.998000	-89.000000	2
1362360899.078000	-88.000000	2
1362360899.158000	-88.000000	2
1362360999.906000	-88.000000	2
1362360999.938000	-89.000000	2
1362360999.958000	-89.000000	2
1362361000.038000	-89.000000	2
1362361000.118000	-89.000000	2
1362361000.198000	-89.000000	2
1362361000.338000	-90.000000	2
1362361000.345000	-90.000000	2
1362361000.346000	-90.000000	2
1362361000.354000	-90.000000	2
1362361000.358000	-89.000000	2
1362361000.365000	-89.000000	2
1362361000.368000	-89.000000	2
1362361000.434000	-89.000000	2
1362361000.438000	-89.000000	2
1362361000.518000	-91.000000	2
1362361000.524000	-91.000000	2
1362361000.598000	-89.000000	2
1362361000.604000	-89.000000	2
1362361000.738000	-89.000000	2
1362361000.758000	-89.000000	2
1362361000.838000	-90.000000	2
1362361000.918000	-88.000000	2
1362361000.998000	-89.000000	2
1362361001.138000	-89.000000	2
1362361001.158000	-89.000000	2
1362361001.238000	-89.000000	2
1362361001.318000	-89.000000	2
1362361001.398000	-89.000000	2
1362361001.538000	-89.000000	2
1362361001.558000	-89.000000	2
1362361001.638000	-90.000000	2
1362361001.718000	-89.000000	2
1362361001.798000	-89.000000	2
1362361001.938000	-89.000000	2
1362361001.958000	-89.000000	2
1362361002.038000	-89.000000	2
1362361002.118000	-89.000000	2
1362361002.198000	-89.000000	2
1362361002.338000	-89.000000	2
1362361002.355000	-89.000000	2
1362361002.358000	-89.000000	2
1362361002.363000	-89.000000	2
1362361002.364000	-89.000000	2
1362361002.438000	-89.000000	2
1362361002.444000	-89.000000	2
1362361002.518000	-89.000000	2
1362361002.598000	-89.000000	2
1362361002.635000	-89.000000	2
1362361002.635000	-89.000000	2
1362361002.644000	-89.000000	2
1362361002.724000	-89.000000	2
1362361002.738000	-89.000000	2
1362361002.758000	-89.000000	2
1362361002.838000	-89.000000	2
1362361002.918000	-89.000000	2
1362361002.998000	-89.000000	2
1362361003.138000	-89.000000	2
1362361003.158000	-90.000000	2
1362361003.238000	-89.000000	2
1362361003.318000	-90.000000	2
1362361003.398000	-89.000000	2
1362361003.538000	-89.000000	2
1362361003.558000	-89.000000	2
1362361003.638000	-90.000000	2
1362361003.718000	-91.000000	2
1362361003.798000	-90.000000	2
1362361003.938000	-88.000000	2
1362361003.958000	-86.000000	2
1362361004.038000	-86.000000	2
1362361004.118000	-88.000000	2
1362361004.198000	-87.000000	2
1362361004.338000	-87.000000	2
1362361004.358000	-87.000000	2
1362361004.438000	-87.000000	2
1362361004.518000	-88.000000	2
1362361004.598000	-87.000000	2
1362361004.738000	-87.000000	2
1362361004.758000	-87.000000	2
1362361004.838000	-87.000000	2
1362361004.918000	-87.000000	2
1362361004.998000	-86.000000	2
1362361005.138000	-86.000000	2
1362361005.158000	-88.000000	2
