0.900000095367
1.00500011444
0.908999919891
0.868000030518
0.919000148773
1.01999998093
0.910000085831
0.930000066757
0.890000104904
0.990000009537
1.04999995232
0.938999891281
0.930000066757
1.01800012589
1.04600000381
0.879999876022
1.01600003242
0.910000085831
0.961999893188
1.13000011444
0.355000019073
1.0039999485
0.890000104904
0.909999847412
0.990000009537
1.03899979591
1.01300001144
0.889000177383
0.920000076294
0.880000114441
0.889000177383
0.949999809265
0.880000114441
0.164999961853
1.05900001526
1.21000003815
0.908999919891
1.00100016594
0.950000047684
0.879999876022
0.930000066757
1.06999993324
0.994999885559
0.993000030518
1.00099992752
1.04999995232
0.980000019073
0.870000123978
0.909999847412
0.986999988556
1.40999984741
1.0
0.164999961853
0.927999973297
0.879999876022
1.05999994278
0.94000005722
1.37400007248
2.84000015259
1.00300002098
0.899999856949
0.929999828339
0.890000104904
0.950000047684
0.90900015831
0.953999996185
1.04200005531
1.10599994659
0.910000085831
0.950999975204
0.93799996376
1.00900006294
1.13300013542
1.03999996185
1.08200001717
