0.010000	0.799000
0.020000	0.820000
0.030000	0.830000
0.040000	0.830000
0.050000	0.839000
0.060000	0.845000
0.070000	0.850000
0.080000	0.850000
0.090000	0.859000
0.100000	0.860000
0.110000	0.870000
0.120000	0.870000
0.130000	0.879000
0.140000	0.880000
0.150000	0.880000
0.160000	0.889000
0.170000	0.889000
0.180000	0.889000
0.190000	0.890000
0.200000	0.890000
0.210000	0.899000
0.220000	0.900000
0.230000	0.900000
0.240000	0.900000
0.250000	0.906000
0.260000	0.910000
0.270000	0.910000
0.280000	0.919000
0.290000	0.919000
0.300000	0.920000
0.310000	0.929000
0.320000	0.929000
0.330000	0.930000
0.340000	0.930000
0.350000	0.930000
0.360000	0.934000
0.370000	0.938000
0.380000	0.939000
0.390000	0.939000
0.400000	0.939000
0.410000	0.939000
0.420000	0.940000
0.430000	0.940000
0.440000	0.943000
0.450000	0.949000
0.460000	0.950000
0.470000	0.950000
0.480000	0.950000
0.490000	0.953000
0.500000	0.953000
0.510000	0.959000
0.520000	0.959000
0.530000	0.960000
0.540000	0.960000
0.550000	0.970000
0.560000	0.970000
0.570000	0.970000
0.580000	0.970000
0.590000	0.975000
0.600000	0.975000
0.610000	0.978000
0.620000	0.979000
0.630000	0.980000
0.640000	0.980000
0.650000	0.980000
0.660000	0.980000
0.670000	0.985000
0.680000	0.989000
0.690000	0.989000
0.700000	0.990000
0.710000	0.990000
0.720000	0.990000
0.730000	0.994000
0.740000	0.995000
0.750000	0.996000
0.760000	0.998000
0.770000	1.000000
0.780000	1.001000
0.790000	1.004000
0.800000	1.009000
0.810000	1.010000
0.820000	1.016000
0.830000	1.019000
0.840000	1.020000
0.850000	1.021000
0.860000	1.024000
0.870000	1.039000
0.880000	1.040000
0.890000	1.040000
0.900000	1.041000
0.910000	1.051000
0.920000	1.056000
0.930000	1.060000
0.940000	1.070000
0.950000	1.074000
0.960000	1.081000
0.970000	1.101000
0.980000	1.106000
0.990000	1.141000
1.000000	1.334000
