0.980000019073
0.920000076294
1.07399988174
0.989000082016
0.993999958038
1.10599994659
0.974999904633
0.938999891281
0.889000177383
0.819999933243
0.799000024796
1.02399992943
0.97000002861
1.00900006294
0.938000202179
0.869999885559
0.938999891281
1.08099985123
0.934000015259
0.889999866486
1.01099991798
0.960000038147
0.97000002861
0.980000019073
0.870000123978
0.975000143051
1.00500011444
1.04099988937
1.01999998093
0.980000019073
1.0
0.989000082016
1.05099987984
0.979000091553
1.04000020027
0.858999967575
0.87700009346
0.879999876022
0.953000068665
0.959000110626
0.989999771118
0.848999977112
0.990000009537
0.97000002861
0.90900015831
1.02100014687
1.03900003433
0.963999986649
0.829999923706
0.995000123978
0.929000139236
1.03999996185
1.07799983025
0.947000026703
0.928999900818
1.10399985313
0.938999891281
0.938999891281
0.990000009537
0.975999832153
0.155000209808
0.979000091553
0.980000019073
0.950000047684
0.950000047684
0.910000085831
1.00900006294
1.04899978638
0.899999856949
0.849999904633
0.905999898911
0.9390001297
1.03999996185
1.01600003242
0.838999986649
1.00400018692
0.899999856949
1.10100007057
0.930000066757
1.01599979401
0.898999929428
0.979999780655
0.799999952316
0.97000002861
0.838999986649
1.01999998093
0.989000082016
0.942999839783
1.0039999485
0.990000009537
0.849999904633
0.99599981308
0.890000104904
0.844999790192
0.953999996185
0.899999856949
1.00099992752
0.989000082016
0.919000148773
0.888999938965
0.889999866486
1.01900005341
0.910000085831
0.990000009537
0.952999830246
0.889000177383
0.959999799728
0.890000104904
0.950000047684
0.888999938965
0.859999895096
0.94000005722
0.859999895096
0.888999938965
0.958999872208
1.05000019073
0.984999895096
0.990000009537
1.03999996185
0.918999910355
0.879999876022
1.05999994278
1.05999994278
1.06999993324
0.994000196457
0.949000120163
0.829999923706
0.930000066757
0.880000114441
0.899999856949
0.838999986649
0.97000002861
1.01999998093
0.9390001297
0.890000104904
0.960000038147
0.829999923706
0.859999895096
0.878999948502
0.900000095367
1.1210000515
0.950000047684
1.26999998093
0.950000047684
0.910000085831
0.972999811172
0.996000051498
0.934000015259
0.949000120163
0.929000139236
0.984999895096
1.08999991417
0.983000040054
0.930000066757
1.07399988174
0.939999818802
0.979999780655
1.0529999733
0.998000144958
0.9390001297
1.33400011063
0.870000123978
0.868999958038
1.02099990845
0.898999929428
0.977999925613
1.00099992752
0.929999828339
0.980000019073
1.01899981499
0.963999986649
0.99799990654
0.949999809265
0.990999937057
0.97000002861
0.93799996376
0.910000085831
0.830000162125
0.953000068665
0.920000076294
0.94000005722
0.919000148773
0.94000005722
0.93799996376
0.899999856949
0.9390001297
0.959000110626
0.910000085831
0.938999891281
0.950000047684
0.979000091553
1.14100003242
1.02899980545
0.959999799728
0.980000019073
0.789999961853
1.06999993324
0.878999948502
0.849999904633
0.969999790192
0.928999900818
0.849999904633
1.00999999046
0.929999828339
0.921000003815
1.0
1.03900003433
0.897000074387
0.888999938965
0.974999904633
1.05599999428
