0.010000	0.165000
0.020000	0.165000
0.030000	0.355000
0.040000	0.868000
0.050000	0.868000
0.060000	0.870000
0.070000	0.880000
0.080000	0.880000
0.090000	0.880000
0.100000	0.880000
0.110000	0.880000
0.120000	0.880000
0.130000	0.880000
0.140000	0.889000
0.150000	0.889000
0.160000	0.890000
0.170000	0.890000
0.180000	0.890000
0.190000	0.890000
0.200000	0.900000
0.210000	0.900000
0.220000	0.900000
0.230000	0.909000
0.240000	0.909000
0.250000	0.909000
0.260000	0.909000
0.270000	0.910000
0.280000	0.910000
0.290000	0.910000
0.300000	0.910000
0.310000	0.910000
0.320000	0.910000
0.330000	0.910000
0.340000	0.919000
0.350000	0.920000
0.360000	0.928000
0.370000	0.928000
0.380000	0.930000
0.390000	0.930000
0.400000	0.930000
0.410000	0.930000
0.420000	0.930000
0.430000	0.938000
0.440000	0.939000
0.450000	0.939000
0.460000	0.940000
0.470000	0.950000
0.480000	0.950000
0.490000	0.950000
0.500000	0.950000
0.510000	0.951000
0.520000	0.954000
0.530000	0.954000
0.540000	0.962000
0.550000	0.980000
0.560000	0.987000
0.570000	0.987000
0.580000	0.990000
0.590000	0.990000
0.600000	0.993000
0.610000	0.993000
0.620000	0.995000
0.630000	1.000000
0.640000	1.001000
0.650000	1.001000
0.660000	1.001000
0.670000	1.003000
0.680000	1.004000
0.690000	1.004000
0.700000	1.005000
0.710000	1.009000
0.720000	1.013000
0.730000	1.013000
0.740000	1.016000
0.750000	1.018000
0.760000	1.020000
0.770000	1.020000
0.780000	1.039000
0.790000	1.040000
0.800000	1.042000
0.810000	1.042000
0.820000	1.046000
0.830000	1.050000
0.840000	1.050000
0.850000	1.050000
0.860000	1.059000
0.870000	1.060000
0.880000	1.070000
0.890000	1.070000
0.900000	1.082000
0.910000	1.106000
0.920000	1.130000
0.930000	1.130000
0.940000	1.133000
0.950000	1.210000
0.960000	1.374000
0.970000	1.374000
0.980000	1.410000
0.990000	2.840000
1.000000	2.840000
