0.398999929428
0.461999893188
0.480000019073
0.494000196457
0.5
0.5
0.506999969482
0.533999919891
0.545000076294
0.583999872208
0.59500002861
0.662999868393
0.669999837875
0.671999931335
0.680999994278
0.741000175476
0.78200006485
0.800000190735
0.814999818802
0.884000062943
0.889999866486
0.958999872208
0.993999958038
0.996999979019
0.996999979019
1.00099992752
1.02300000191
1.04699993134
1.07899999619
1.09200000763
1.09200000763
1.10399985313
1.1740000248
1.18000006676
4.12400007248
4.125
4.31900000572
4.35099983215
4.35900020599
4.41899991035
4.71700000763
