1363575448.294000	1	-110.000000	-6.000000
1363575448.595000	1	-110.000000	-6.000000
1363575454.926000	1	-110.000000	-7.500000
1363575456.733000	1	-110.000000	-7.500000
1363575457.033000	1	-110.000000	-7.500000
1363575465.995000	1	-105.000000	-5.000000
1363575466.295000	1	-105.000000	-5.000000
1363575473.111000	1	-108.000000	-7.000000
1363575474.010000	1	-108.000000	-7.000000
1363575489.559000	1	-110.000000	-6.500000
1363575498.263000	1	-110.000000	-6.500000
1363575498.863000	1	-110.000000	-6.500000
1363575524.666000	1	-106.000000	-5.500000
1363575524.966000	1	-106.000000	-5.500000
1363575531.840000	1	-107.000000	-6.500000
1363575532.740000	1	-107.000000	-6.500000
1363575533.040000	1	-107.000000	-6.500000
1363575542.248000	1	-107.000000	-5.500000
1363575550.308000	1	-105.000000	-5.000000
1363575550.908000	1	-105.000000	-5.000000
1363575571.083000	1	-110.000000	-5.500000
1363575579.493000	1	-110.000000	-5.500000
1363575584.893000	1	-110.000000	-5.500000
1363575585.193000	1	-110.000000	-5.500000
1363575596.376000	1	-107.000000	-7.000000
1363575596.676000	1	-107.000000	-7.000000
1363575597.276000	1	-107.000000	-7.000000
1363575597.576000	1	-107.000000	-7.000000
1363575600.586000	1	-107.000000	-7.000000
1363575600.886000	1	-107.000000	-7.000000
1363575601.186000	1	-107.000000	-7.000000
1363575601.786000	1	-107.000000	-7.000000
1363575614.968000	1	-105.000000	-5.000000
1363575617.369000	1	-105.000000	-5.000000
1363575617.679000	1	-105.000000	-5.000000
1363575618.279000	1	-105.000000	-5.000000
1363575620.079000	1	-105.000000	-5.000000
1363575620.379000	1	-105.000000	-5.000000
1363575623.379000	1	-105.000000	-5.000000
1363575636.993000	1	-110.000000	-8.000000
1363575637.293000	1	-110.000000	-8.000000
1363575637.903000	1	-110.000000	-8.000000
1363575638.803000	1	-110.000000	-8.000000
1363575669.113000	1	-106.000000	-6.000000
1363575670.313000	1	-106.000000	-6.000000
1363575670.443000	26	-106.000000	-6.000000
1363575670.463000	6	-106.000000	-6.000000
1363575670.913000	1	-106.000000	-6.000000
1363575671.213000	1	-106.000000	-6.000000
1363575671.513000	1	-106.000000	-6.000000
1363575671.813000	1	-106.000000	-6.000000
1363575688.195000	1	-116.500000	-14.750000
1363575688.495000	1	-116.500000	-14.750000
1363575688.795000	1	-116.500000	-14.750000
1363575689.405000	1	-116.500000	-14.750000
1363575689.705000	1	-116.500000	-14.750000
1363575695.810000	1	-116.500000	-14.750000
1363575695.870000	1	-116.500000	-14.750000
1363575695.930000	1	-116.500000	-14.750000
1363575695.990000	1	-116.500000	-14.750000
1363575696.740000	1	-112.000000	-7.000000
1363575717.421000	1	-109.000000	-7.500000
1363575717.640000	3	-109.000000	-7.500000
1363575718.024000	1	-109.000000	-7.500000
1363575718.624000	1	-109.000000	-7.500000
1363575732.900000	1	-107.000000	-5.000000
1363575733.010000	1	-108.000000	-5.500000
1363575749.600000	1	-110.000000	-6.500000
1363575749.900000	1	-110.000000	-6.500000
1363575750.200000	1	-110.000000	-6.500000
1363575751.100000	1	-110.000000	-6.500000
1363575751.700000	1	-110.000000	-6.500000
1363575752.000000	1	-110.000000	-6.500000
1363575768.770000	1	-110.000000	-6.500000
1363575769.670000	1	-110.000000	-6.500000
1363575769.970000	1	-110.000000	-6.500000
1363575774.800000	1	-110.000000	-6.500000
1363575774.861000	1	-110.000000	-6.500000
1363575774.920000	1	-110.000000	-6.500000
1363575774.981000	1	-110.000000	-6.500000
1363575795.793000	1	-109.000000	-7.500000
1363575796.093000	1	-109.000000	-7.500000
1363575796.993000	1	-109.000000	-7.500000
1363575797.593000	1	-109.000000	-7.500000
1363575797.893000	1	-109.000000	-7.500000
1363575828.260000	1	-108.000000	-6.000000
1363575828.860000	1	-108.000000	-6.000000
1363575829.160000	1	-108.000000	-6.000000
1363575829.760000	1	-108.000000	-6.000000
1363575830.060000	1	-108.000000	-6.000000
1363575830.360000	1	-108.000000	-6.000000
1363575847.226000	1	-116.000000	-15.000000
1363575853.340000	1	-109.000000	-5.500000
1363575853.620000	1	-107.000000	-6.500000
1363575853.710000	1	-106.000000	-6.500000
1363575875.500000	1	-107.000000	-6.000000
1363575876.100000	1	-107.000000	-6.000000
1363575906.609000	1	-112.000000	-7.500000
1363575906.709000	5	-112.000000	-7.500000
1363575907.209000	1	-112.000000	-7.500000
1363575908.409000	1	-112.000000	-7.500000
1363575908.709000	1	-112.000000	-7.500000
1363575925.424000	12	-107.000000	-5.500000
1363575925.435000	2	-107.000000	-5.500000
1363575925.640000	1	-107.000000	-5.500000
1363575925.940000	1	-107.000000	-5.500000
1363575926.240000	1	-107.000000	-5.500000
1363575926.840000	1	-107.000000	-5.500000
1363575927.140000	1	-107.000000	-5.500000
1363575931.046000	1	-107.000000	-5.500000
1363575932.280000	1	-106.000000	-5.000000
1363575932.341000	1	-107.000000	-5.500000
1363575932.400000	1	-107.000000	-5.500000
1363575953.265000	1	-109.000000	-7.500000
1363575953.565000	1	-109.000000	-7.500000
1363575954.765000	1	-109.000000	-7.500000
1363575966.213000	1	-112.000000	-7.500000
1363575969.240000	1	-113.000000	-7.500000
1363575970.253000	1	-114.000000	-7.500000
1363575971.250000	1	-115.000000	-8.000000
1363575972.263000	1	-112.000000	-6.500000
1363575975.293000	1	-110.000000	-6.500000
1363575976.300000	1	-110.000000	-6.000000
1363575977.313000	1	-108.000000	-5.500000
1363575978.323000	1	-105.000000	-5.000000
1363575979.331000	1	-105.000000	-4.500000
1363575980.340000	1	-108.000000	-5.000000
1363575981.350000	1	-107.000000	-5.500000
1363575982.360000	1	-107.000000	-5.000000
1363575983.370000	1	-108.000000	-5.000000
1363575984.383000	1	-107.000000	-5.000000
1363575987.273000	1	-106.000000	-5.000000
1363575988.280000	1	-109.000000	-6.000000
1363575989.290000	1	-115.000000	-8.500000
1363575990.300000	1	-108.000000	-6.000000
1363575991.310000	1	-107.000000	-6.000000
1363575992.320000	1	-109.000000	-6.000000
1363575993.320000	1	-108.000000	-5.500000
1363575994.331000	1	-109.000000	-5.500000
1363575995.016000	4	-109.000000	-6.500000
1363575995.036000	4	-109.000000	-6.500000
1363575995.076000	4	-109.000000	-6.500000
1363575995.096000	3	-109.000000	-6.500000
1363575995.236000	1	-109.000000	-6.500000
1363576013.224000	1	-105.000000	-5.000000
1363576014.293000	2	-105.000000	-5.000000
1363576014.733000	1	-105.000000	-5.000000
1363576015.033000	1	-105.000000	-5.000000
1363576015.333000	1	-105.000000	-5.000000
1363576031.513000	1	-108.000000	-5.500000
1363576032.113000	1	-108.000000	-5.500000
1363576032.713000	1	-108.000000	-5.500000
1363576033.013000	1	-108.000000	-5.500000
1363576037.690000	1	-109.000000	-5.500000
1363576037.900000	1	-110.000000	-6.000000
1363576059.160000	1	-113.000000	-7.500000
1363576059.460000	1	-113.000000	-7.500000
1363576060.960000	1	-113.000000	-7.500000
1363576078.505000	26	-107.000000	-6.000000
1363576078.525000	10	-107.000000	-6.000000
1363576078.545000	26	-107.000000	-6.000000
1363576078.565000	17	-107.000000	-6.000000
1363576078.585000	16	-107.000000	-6.000000
1363576078.605000	19	-107.000000	-6.000000
1363576078.625000	11	-107.000000	-6.000000
1363576078.845000	1	-107.000000	-6.000000
1363576092.145000	1	-107.000000	-6.000000
1363576092.448000	1	-107.000000	-6.000000
1363576092.748000	1	-107.000000	-6.000000
1363576093.048000	1	-107.000000	-6.000000
1363576110.950000	1	-112.000000	-8.000000
1363576111.550000	1	-112.000000	-8.000000
1363576111.850000	1	-112.000000	-8.000000
1363576116.060000	1	-112.000000	-8.000000
1363576117.200000	1	-112.000000	-8.000000
1363576117.260000	1	-112.000000	-8.000000
1363576117.320000	1	-112.000000	-8.000000
1363576117.381000	1	-112.000000	-8.000000
1363576138.349000	2	-108.000000	-6.500000
1363576138.389000	1	-108.000000	-6.500000
1363576138.689000	1	-108.000000	-6.500000
1363576138.999000	1	-108.000000	-6.500000
1363576139.299000	1	-108.000000	-6.500000
1363576139.599000	1	-108.000000	-6.500000
1363576139.899000	1	-108.000000	-6.500000
1363576140.199000	1	-108.000000	-6.500000
1363576171.185000	1	-111.000000	-6.500000
1363576171.495000	1	-111.000000	-6.500000
1363576171.535000	26	-111.000000	-6.500000
1363576171.555000	21	-111.000000	-6.500000
1363576171.795000	1	-111.000000	-6.500000
1363576171.965000	2	-111.000000	-6.500000
1363576171.985000	2	-111.000000	-6.500000
1363576172.005000	2	-111.000000	-6.500000
1363576172.025000	10	-111.000000	-6.500000
1363576172.045000	10	-111.000000	-6.500000
1363576172.065000	10	-111.000000	-6.500000
1363576172.085000	11	-111.000000	-6.500000
1363576172.995000	1	-111.000000	-6.500000
1363576173.295000	1	-111.000000	-6.500000
1363576173.595000	1	-111.000000	-6.500000
1363576173.895000	1	-111.000000	-6.500000
1363576174.195000	1	-111.000000	-6.500000
1363576174.495000	1	-111.000000	-6.500000
1363576190.773000	1	-111.000000	-8.000000
1363576191.083000	1	-111.000000	-8.000000
1363576191.383000	1	-111.000000	-8.000000
1363576192.283000	1	-111.000000	-8.000000
1363576192.583000	1	-111.000000	-8.000000
1363576196.880000	1	-111.000000	-8.000000
1363576197.040000	1	-111.000000	-8.000000
1363576218.694000	1	-104.000000	-6.000000
1363576218.994000	1	-104.000000	-6.000000
1363576219.895000	1	-104.000000	-6.000000
1363576220.203000	1	-104.000000	-6.000000
1363576251.098000	1	-106.000000	-5.500000
1363576253.205000	1	-106.000000	-5.500000
1363576253.505000	1	-106.000000	-5.500000
1363576253.805000	1	-106.000000	-5.500000
1363576269.879000	1	-107.000000	-5.500000
1363576270.179000	1	-107.000000	-5.500000
1363576270.479000	1	-107.000000	-5.500000
1363576270.779000	1	-107.000000	-5.500000
1363576271.079000	1	-107.000000	-5.500000
1363576271.979000	1	-107.000000	-5.500000
1363576276.410000	1	-107.000000	-5.500000
1363576276.590000	1	-107.000000	-5.500000
1363576276.700000	1	-107.000000	-5.500000
1363576298.780000	1	-108.000000	-6.500000
1363576299.380000	1	-108.000000	-6.500000
1363576330.059000	1	-108.000000	-6.500000
1363576330.359000	1	-108.000000	-6.500000
1363576330.659000	1	-108.000000	-6.500000
1363576331.259000	1	-108.000000	-6.500000
1363576331.559000	1	-108.000000	-6.500000
1363576331.859000	1	-108.000000	-6.500000
1363576332.159000	1	-108.000000	-6.500000
1363576348.509000	1	-117.000000	-10.500000
1363576353.909000	1	-117.000000	-10.500000
1363576370.451000	1	-117.000000	-10.500000
1363576370.511000	1	-117.000000	-10.500000
1363576370.571000	1	-117.000000	-10.500000
1363576371.745000	1	-117.000000	-10.000000
1363576372.045000	1	-117.000000	-10.000000
1363576388.999000	1	-114.000000	-8.500000
1363576389.599000	1	-114.000000	-8.500000
1363576421.059000	1	-110.000000	-7.000000
1363576422.259000	1	-110.000000	-7.000000
1363576422.869000	1	-110.000000	-7.000000
1363576423.159000	1	-110.000000	-7.000000
1363576439.013000	1	-116.000000	-10.000000
1363576439.053000	5	-116.000000	-10.000000
1363576447.420000	1	-116.000000	-10.000000
1363576447.481000	1	-116.000000	-10.000000
1363576447.540000	1	-116.000000	-10.000000
1363576447.600000	18	-116.000000	-10.00000
