1	-98.000000	3
1	-98.000000	3
1	-98.000000	3
1	-98.000000	3
1	-98.000000	3
1	-115.000000	2
1	-116.500000	2
1	-114.500000	2
1	-114.500000	2
1	-116.000000	2
1	-116.000000	2
1	-115.500000	2
1	-114.000000	2
1	-114.500000	2
1	-114.000000	2
1	-114.000000	2
1	-110.000000	3
1	-110.000000	3
1	-110.000000	3
1	-110.000000	3
1	-110.000000	3
1	-105.000000	3
1	-105.000000	3
1	-108.000000	3
1	-108.000000	3
1	-110.000000	3
1	-110.000000	3
1	-110.000000	3
1	-106.000000	3
1	-106.000000	3
1	-107.000000	3
1	-107.000000	3
1	-107.000000	3
1	-107.000000	3
1	-105.000000	3
1	-105.000000	3
1	-110.000000	3
1	-110.000000	3
1	-110.000000	3
1	-110.000000	3
1	-107.000000	3
1	-107.000000	3
1	-107.000000	3
1	-107.000000	3
1	-107.000000	3
1	-107.000000	3
1	-107.000000	3
1	-107.000000	3
1	-105.000000	3
1	-105.000000	3
1	-105.000000	3
1	-105.000000	3
1	-105.000000	3
1	-105.000000	3
1	-105.000000	3
1	-110.000000	3
1	-110.000000	3
1	-110.000000	3
1	-110.000000	3
1	-106.000000	3
1	-106.000000	3
1	-106.000000	3
1	-106.000000	3
1	-106.000000	3
1	-106.000000	3
1	-106.000000	3
1	-106.000000	3
1	-106.000000	3
1	-106.000000	3
1	-106.000000	3
1	-106.000000	3
1	-106.000000	3
1	-106.000000	3
1	-106.000000	3
1	-106.000000	3
1	-106.000000	3
1	-106.000000	3
1	-106.000000	3
1	-106.000000	3
1	-106.000000	3
1	-106.000000	3
1	-106.000000	3
1	-106.000000	3
1	-106.000000	3
1	-106.000000	3
1	-106.000000	3
1	-106.000000	3
1	-106.000000	3
1	-106.000000	3
1	-106.000000	3
1	-106.000000	3
1	-106.000000	3
1	-106.000000	3
1	-106.000000	3
1	-106.000000	3
1	-106.000000	3
1	-106.000000	3
1	-116.500000	3
1	-116.500000	3
1	-116.500000	3
1	-116.500000	3
1	-116.500000	3
1	-116.500000	2
2	-116.500000	2
1	-116.500000	2
2	-116.500000	2
1	-112.000000	2
1	-109.000000	3
1	-109.000000	3
1	-109.000000	3
1	-109.000000	3
1	-109.000000	3
1	-109.000000	3
1	-107.000000	2
2	-108.000000	2
1	-110.000000	3
1	-110.000000	3
1	-110.000000	3
1	-110.000000	3
1	-110.000000	3
1	-110.000000	3
1	-110.000000	3
1	-110.000000	3
1	-110.000000	3
1	-110.000000	2
2	-110.000000	2
1	-110.000000	2
2	-110.000000	2
1	-109.000000	3
1	-109.000000	3
1	-109.000000	3
1	-109.000000	3
1	-109.000000	3
1	-108.000000	3
1	-108.000000	3
1	-108.000000	3
1	-108.000000	3
1	-108.000000	3
1	-108.000000	3
1	-116.000000	3
1	-109.000000	2
1	-107.000000	2
2	-106.000000	2
1	-107.000000	3
1	-107.000000	3
1	-112.000000	3
1	-112.000000	3
1	-112.000000	3
1	-112.000000	3
1	-112.000000	3
1	-112.000000	3
1	-112.000000	3
1	-112.000000	3
1	-112.000000	3
1	-107.000000	3
1	-107.000000	3
1	-107.000000	3
1	-107.000000	3
1	-107.000000	3
1	-107.000000	3
1	-107.000000	3
1	-107.000000	3
1	-107.000000	3
1	-107.000000	3
1	-107.000000	3
1	-107.000000	3
1	-107.000000	3
1	-107.000000	3
1	-107.000000	3
1	-107.000000	3
1	-107.000000	3
1	-107.000000	3
1	-107.000000	3
1	-107.000000	3
2	-107.000000	2
1	-106.000000	2
2	-107.000000	2
1	-109.000000	3
1	-109.000000	3
1	-109.000000	3
1	-112.000000	2
2	-109.000000	3
1	-113.000000	2
2	-114.000000	2
3	-115.000000	2
4	-112.000000	2
5	-109.000000	3
1	-110.000000	2
2	-110.000000	2
3	-108.000000	2
4	-105.000000	2
5	-105.000000	2
6	-108.000000	2
7	-107.000000	2
8	-107.000000	2
9	-108.000000	2
10	-107.000000	2
11	-109.000000	3
1	-106.000000	2
2	-109.000000	2
3	-115.000000	2
4	-108.000000	2
5	-107.000000	2
6	-109.000000	2
7	-108.000000	5
8	-109.000000	5
9	-109.000000	3
1	-109.000000	3
1	-109.000000	3
1	-109.000000	3
1	-109.000000	3
1	-109.000000	3
1	-109.000000	3
1	-109.000000	3
1	-109.000000	3
1	-109.000000	3
1	-109.000000	3
1	-109.000000	3
1	-109.000000	3
1	-105.000000	3
1	-105.000000	3
1	-105.000000	3
1	-105.000000	3
1	-105.000000	3
1	-105.000000	3
1	-108.000000	3
1	-108.000000	3
1	-108.000000	3
1	-108.000000	3
1	-109.000000	2
1	-110.000000	2
1	-113.000000	3
1	-113.000000	3
1	-113.000000	3
1	-107.000000	3
1	-107.000000	3
1	-107.000000	3
1	-107.000000	3
1	-107.000000	3
1	-107.000000	3
1	-107.000000	3
1	-107.000000	3
1	-107.000000	3
1	-107.000000	3
1	-107.000000	3
1	-107.000000	3
1	-107.000000	3
1	-107.000000	3
1	-107.000000	3
1	-107.000000	3
1	-107.000000	3
1	-107.000000	3
1	-107.000000	3
1	-107.000000	3
1	-107.000000	3
1	-107.000000	3
1	-107.000000	3
1	-107.000000	3
1	-107.000000	3
1	-107.000000	3
1	-107.000000	3
1	-107.000000	3
1	-107.000000	3
1	-107.000000	3
1	-107.000000	3
1	-107.000000	3
1	-107.000000	3
1	-107.000000	3
1	-107.000000	3
1	-107.000000	3
1	-107.000000	3
1	-107.000000	3
1	-107.000000	3
1	-107.000000	3
1	-107.000000	3
1	-107.000000	3
1	-107.000000	3
1	-107.000000	3
1	-107.000000	3
1	-107.000000	3
1	-107.000000	3
1	-107.000000	3
1	-107.000000	3
1	-107.000000	3
1	-107.000000	3
1	-107.000000	3
1	-107.000000	3
1	-107.000000	3
1	-107.000000	3
1	-107.000000	3
1	-107.000000	3
1	-107.000000	3
1	-107.000000	3
1	-107.000000	3
1	-107.000000	3
1	-107.000000	3
1	-107.000000	3
1	-107.000000	3
1	-107.000000	3
1	-107.000000	3
1	-107.000000	3
1	-107.000000	3
1	-107.000000	3
1	-107.000000	3
1	-107.000000	3
2	-107.000000	3
1	-107.000000	3
1	-107.000000	3
1	-107.000000	3
1	-107.000000	3
1	-107.000000	3
1	-107.000000	3
1	-107.000000	3
1	-107.000000	3
1	-107.000000	3
2	-107.000000	3
1	-107.000000	3
1	-107.000000	3
1	-107.000000	3
1	-107.000000	3
1	-107.000000	3
1	-107.000000	3
1	-107.000000	3
1	-107.000000	3
1	-107.000000	3
1	-107.000000	3
1	-107.000000	3
1	-107.000000	3
1	-107.000000	3
1	-107.000000	3
1	-107.000000	3
1	-107.000000	3
1	-107.000000	3
1	-107.000000	3
1	-107.000000	3
1	-107.000000	3
1	-107.000000	3
1	-107.000000	3
1	-107.000000	3
1	-107.000000	3
1	-107.000000	3
1	-107.000000	3
1	-107.000000	3
1	-107.000000	3
1	-107.000000	3
1	-107.000000	3
1	-107.000000	3
1	-107.000000	3
1	-107.000000	3
1	-107.000000	3
1	-107.000000	3
1	-107.000000	3
1	-107.000000	3
1	-107.000000	3
1	-107.000000	3
1	-107.000000	3
1	-107.000000	3
1	-107.000000	3
1	-107.000000	3
1	-107.000000	3
1	-107.000000	3
1	-107.000000	3
1	-107.000000	3
1	-107.000000	3
1	-112.000000	3
1	-112.000000	3
1	-112.000000	3
1	-112.000000	3
2	-112.000000	2
3	-112.000000	2
1	-112.000000	2
2	-112.000000	2
1	-108.000000	3
1	-108.000000	3
1	-108.000000	3
1	-108.000000	3
1	-108.000000	3
1	-108.000000	3
1	-108.000000	3
1	-108.000000	3
1	-108.000000	3
1	-111.000000	3
1	-111.000000	3
2	-111.000000	3
1	-111.000000	3
2	-111.000000	3
1	-111.000000	3
2	-111.000000	3
1	-111.000000	3
2	-111.000000	3
1	-111.000000	3
2	-111.000000	3
1	-111.000000	3
2	-111.000000	3
1	-111.000000	3
2	-111.000000	3
1	-111.000000	3
2	-111.000000	3
1	-111.000000	3
2	-111.000000	3
1	-111.000000	3
2	-111.000000	3
1	-111.000000	3
2	-111.000000	3
1	-111.000000	3
2	-111.000000	3
1	-111.000000	3
2	-111.000000	3
1	-111.000000	3
2	-111.000000	3
1	-111.000000	3
2	-111.000000	3
1	-111.000000	3
2	-111.000000	3
1	-111.000000	3
2	-111.000000	3
1	-111.000000	3
2	-111.000000	3
1	-111.000000	3
2	-111.000000	3
1	-111.000000	3
2	-111.000000	3
1	-111.000000	3
2	-111.000000	3
1	-111.000000	3
2	-111.000000	3
1	-111.000000	3
2	-111.000000	3
1	-111.000000	3
2	-111.000000	3
1	-111.000000	3
2	-111.000000	3
1	-111.000000	3
2	-111.000000	3
1	-111.000000	3
2	-111.000000	3
1	-111.000000	3
2	-111.000000	3
1	-111.000000	3
2	-111.000000	3
1	-111.000000	3
2	-111.000000	3
1	-111.000000	3
2	-111.000000	3
1	-111.000000	3
2	-111.000000	3
1	-111.000000	3
2	-111.000000	3
1	-111.000000	3
2	-111.000000	3
1	-111.000000	3
2	-111.000000	3
1	-111.000000	3
2	-111.000000	3
1	-111.000000	3
2	-111.000000	3
1	-111.000000	3
2	-111.000000	3
1	-111.000000	3
2	-111.000000	3
1	-111.000000	3
2	-111.000000	3
1	-111.000000	3
2	-111.000000	3
1	-111.000000	3
2	-111.000000	3
1	-111.000000	3
2	-111.000000	3
1	-111.000000	3
2	-111.000000	3
1	-111.000000	3
2	-111.000000	3
1	-111.000000	3
2	-111.000000	3
1	-111.000000	3
2	-111.000000	3
1	-111.000000	3
2	-111.000000	3
1	-111.000000	3
1	-111.000000	3
1	-111.000000	3
1	-111.000000	3
1	-111.000000	3
1	-111.000000	3
1	-111.000000	3
1	-111.000000	3
1	-111.000000	3
1	-111.000000	3
1	-111.000000	3
1	-111.000000	2
1	-111.000000	2
1	-104.000000	3
1	-104.000000	3
1	-104.000000	3
1	-104.000000	3
1	-106.000000	3
1	-106.000000	3
1	-106.000000	3
1	-106.000000	3
1	-107.000000	3
1	-107.000000	3
1	-107.000000	3
1	-107.000000	3
1	-107.000000	3
1	-107.000000	3
1	-107.000000	2
1	-107.000000	2
2	-107.000000	2
1	-108.000000	3
1	-108.000000	3
1	-108.000000	3
1	-108.000000	3
1	-108.000000	3
1	-108.000000	3
1	-108.000000	3
1	-108.000000	3
1	-108.000000	3
1	-117.000000	3
1	-117.000000	3
2	-117.000000	5
1	-117.000000	5
2	-117.000000	5
1	-117.000000	3
1	-117.000000	3
1	-114.000000	3
1	-114.000000	3
1	-110.000000	3
1	-110.000000	3
1	-110.000000	3
2	-115.000000	2
1	-110.000000	3
1	-116.000000	3
1	-116.000000	3
1	-116.000000	3
1	-116.000000	3
1	-116.000000	3
1	-116.000000	3
1	-116.000000	2
2	-116.000000	2
1	-116.000000	2
2	-116.000000	2
