Running uplink 3 ...
1.29699993134
1.02999997139
0.819000005722
0.877999782562
0.910000085831
1.24799990654
Running uplink 3.5 ...
0.859999895096
0.819999933243
0.94000005722
0.990000009537
0.879999876022
0.15499997139
0.910000085831
0.930999994278
0.880000114441
0.869999885559
0.799999952316
0.990000009537
0.134999990463
0.990000009537
0.838999986649
0.869999885559
0.878999948502
1.0
0.990000009537
0.909999847412
0.975999832153
0.819000005722
0.928999900818
0.909999847412
1.02499985695
0.165000200272
0.90900015831
1.03799986839
0.94000005722
0.990000009537
0.986000061035
0.928999900818
0.899999856949
0.991000175476
1.10500001907
1.10900020599
0.828999996185
0.758999824524
0.879999876022
0.979000091553
0.155000209808
0.918999910355
1.03999996185
0.911000013351
0.868999958038
0.910000085831
0.900000095367
0.870000123978
0.898000001907
0.849999904633
0.890000104904
0.890000104904
0.936999797821
0.890000104904
0.930000066757
0.920000076294
0.829999923706
0.859999895096
0.963000059128
1.11199998856
0.859999895096
0.144999980927
0.984000205994
0.984999895096
0.840000152588
0.889999866486
1.09000015259
0.939999818802
1.00699996948
1.0
1.03000020981
0.921000003815
0.909999847412
0.97000002861
0.980000019073
1.00999999046
0.881000041962
0.849999904633
0.799999952316
0.820000171661
Running uplink 4 ...
0.980000019073
0.920000076294
1.07399988174
0.989000082016
0.993999958038
1.10599994659
0.974999904633
0.938999891281
0.889000177383
0.819999933243
0.799000024796
1.02399992943
0.97000002861
1.00900006294
0.938000202179
0.869999885559
0.938999891281
1.08099985123
0.934000015259
0.889999866486
1.01099991798
0.960000038147
0.97000002861
0.980000019073
0.870000123978
0.975000143051
1.00500011444
1.04099988937
1.01999998093
0.980000019073
1.0
0.989000082016
1.05099987984
0.979000091553
1.04000020027
0.858999967575
0.87700009346
0.879999876022
0.953000068665
0.959000110626
0.989999771118
0.848999977112
0.990000009537
0.97000002861
0.90900015831
1.02100014687
1.03900003433
0.963999986649
0.829999923706
0.995000123978
0.929000139236
1.03999996185
1.07799983025
0.947000026703
0.928999900818
1.10399985313
0.938999891281
0.938999891281
0.990000009537
0.975999832153
0.155000209808
0.979000091553
0.980000019073
0.950000047684
0.950000047684
0.910000085831
1.00900006294
1.04899978638
0.899999856949
0.849999904633
0.905999898911
0.9390001297
1.03999996185
1.01600003242
0.838999986649
1.00400018692
0.899999856949
1.10100007057
0.930000066757
1.01599979401
0.898999929428
0.979999780655
0.799999952316
0.97000002861
0.838999986649
1.01999998093
0.989000082016
0.942999839783
1.0039999485
0.990000009537
0.849999904633
0.99599981308
0.890000104904
0.844999790192
0.953999996185
0.899999856949
1.00099992752
0.989000082016
0.919000148773
0.888999938965
0.889999866486
1.01900005341
0.910000085831
0.990000009537
0.952999830246
0.889000177383
0.959999799728
0.890000104904
0.950000047684
0.888999938965
0.859999895096
0.94000005722
0.859999895096
0.888999938965
0.958999872208
1.05000019073
0.984999895096
0.990000009537
1.03999996185
0.918999910355
0.879999876022
1.05999994278
1.05999994278
1.06999993324
0.994000196457
0.949000120163
0.829999923706
0.930000066757
0.880000114441
0.899999856949
0.838999986649
0.97000002861
1.01999998093
0.9390001297
0.890000104904
0.960000038147
0.829999923706
0.859999895096
0.878999948502
0.900000095367
1.1210000515
0.950000047684
1.26999998093
0.950000047684
0.910000085831
0.972999811172
0.996000051498
0.934000015259
0.949000120163
0.929000139236
0.984999895096
1.08999991417
0.983000040054
0.930000066757
1.07399988174
0.939999818802
0.979999780655
1.0529999733
0.998000144958
0.9390001297
1.33400011063
0.870000123978
0.868999958038
1.02099990845
0.898999929428
0.977999925613
1.00099992752
0.929999828339
0.980000019073
1.01899981499
0.963999986649
0.99799990654
0.949999809265
0.990999937057
0.97000002861
0.93799996376
0.910000085831
0.830000162125
0.953000068665
0.920000076294
0.94000005722
0.919000148773
0.94000005722
0.93799996376
0.899999856949
0.9390001297
0.959000110626
0.910000085831
0.938999891281
0.950000047684
0.979000091553
1.14100003242
1.02899980545
0.959999799728
0.980000019073
0.789999961853
1.06999993324
0.878999948502
0.849999904633
0.969999790192
0.928999900818
0.849999904633
1.00999999046
0.929999828339
0.921000003815
1.0
1.03900003433
0.897000074387
0.888999938965
0.974999904633
1.05599999428
Running uplink 4.5 ...
0.869999885559
0.989000082016
0.898999929428
0.929999828339
0.919000148773
1.00899982452
0.950000047684
0.930000066757
0.87900018692
0.938999891281
0.889000177383
0.15499997139
0.930000066757
0.989000082016
1.04999995232
1.02999997139
0.919999837875
1.06900000572
0.99599981308
0.174999952316
1.03700017929
0.996000051498
0.898999929428
1.0110001564
0.90900015831
1.05900001526
1.00900006294
0.948999881744
0.858999967575
0.949000120163
0.164999961853
0.859999895096
1.03999996185
0.888999938965
0.918999910355
0.999000072479
0.936999797821
1.02900004387
0.890000104904
0.930000066757
0.878999948502
0.889999866486
0.929000139236
0.920000076294
0.963999986649
0.97000002861
0.879999876022
1.00099992752
1.10899996758
0.973999977112
0.958999872208
0.950999975204
0.990000009537
0.998999834061
0.949000120163
1.07899999619
0.939999818802
0.950999975204
1.0070002079
0.155000209808
0.859999895096
0.890000104904
1.11600017548
1.00500011444
1.07299995422
0.164999961853
0.900000095367
0.929999828339
1.02900004387
1.00499987602
0.969000101089
0.235000133514
0.976999998093
0.938999891281
1.07100009918
0.900000095367
0.93700003624
0.928999900818
0.878999948502
0.908999919891
0.869999885559
0.948999881744
0.90900015831
0.94000005722
0.960000038147
0.920000076294
0.921000003815
1.48099994659
0.990999937057
0.968999862671
0.948999881744
0.889999866486
0.976000070572
0.971999883652
0.993999958038
0.929000139236
0.799000024796
0.960000038147
0.878999948502
0.910000085831
0.959000110626
0.94000005722
0.870000123978
0.989000082016
0.15499997139
1.05399990082
0.983999967575
0.948999881744
0.920000076294
0.910000085831
0.908999919891
0.910000085831
0.959000110626
0.960000038147
0.993999958038
0.980000019073
1.02200007439
1.06100010872
0.948999881744
1.00500011444
0.144999980927
0.888999938965
0.919000148773
0.980000019073
0.929000139236
1.07999992371
0.888999938965
1.02900004387
0.910000085831
0.998999834061
0.960000038147
0.97000002861
Running uplink 5 ...
0.900000095367
1.00500011444
0.908999919891
0.868000030518
0.919000148773
1.01999998093
0.910000085831
0.930000066757
0.890000104904
0.990000009537
1.04999995232
0.938999891281
0.930000066757
1.01800012589
1.04600000381
0.879999876022
1.01600003242
0.910000085831
0.961999893188
1.13000011444
0.355000019073
1.0039999485
0.890000104904
0.909999847412
0.990000009537
1.03899979591
1.01300001144
0.889000177383
0.920000076294
0.880000114441
0.889000177383
0.949999809265
0.880000114441
0.164999961853
1.05900001526
1.21000003815
0.908999919891
1.00100016594
0.950000047684
0.879999876022
0.930000066757
1.06999993324
0.994999885559
0.993000030518
1.00099992752
1.04999995232
0.980000019073
0.870000123978
0.909999847412
0.986999988556
1.40999984741
1.0
0.164999961853
0.927999973297
0.879999876022
1.05999994278
0.94000005722
1.37400007248
2.84000015259
1.00300002098
0.899999856949
0.929999828339
0.890000104904
0.950000047684
0.90900015831
0.953999996185
1.04200005531
1.10599994659
0.910000085831
0.950999975204
0.93799996376
1.00900006294
1.13300013542
1.03999996185
1.08200001717
