Running uplink 3 ...
1.17199993134
0.941999912262
0.74599981308
0.837999820709
0.858000040054
1.1970000267
Running uplink 3.5 ...
1.13800001144
1.21900010109
0.928999900818
0.990000009537
0.99799990654
0.921999931335
1.1819999218
1.17499995232
1.01900005341
0.996000051498
0.979000091553
0.959999799728
1.06200003624
1.34200000763
0.955999851227
1.0
0.977999925613
1.10899996758
1.10500001907
1.07499980927
1.13499999046
1.24800014496
0.9390001297
1.00499987602
1.06699991226
1.17999982834
1.02999997139
2.15200018883
1.14499998093
2.78299999237
1.04499983788
1.08600020409
1.05200004578
1.10700011253
1.0490000248
0.950000047684
1.02499985695
1.4319999218
1.09299993515
1.32600021362
0.884999990463
0.929000139236
1.14600014687
1.28200006485
1.09999990463
1.15199995041
1.03600001335
0.986000061035
1.02999997139
1.03200006485
1.01600003242
1.05599999428
1.05900001526
0.96599984169
1.01300001144
1.09499979019
1.03900003433
1.08899998665
0.947000026703
1.00500011444
0.97000002861
1.12199997902
1.14800000191
1.26700019836
1.30200004578
1.16900014877
1.13899993896
1.04499983788
1.20200014114
1.06199979782
0.97200012207
1.27199983597
1.13499999046
1.14499998093
1.00200009346
1.03999996185
1.13999986649
1.23600006104
1.02600002289
0.964999914169
Running uplink 4 ...
1.02300000191
0.941999912262
1.32899999619
3.68600010872
1.08999991417
1.02300000191
0.894999980927
1.17299985886
0.951999902725
1.25900006294
1.10500001907
0.976000070572
1.08899998665
0.945999860764
1.03999996185
1.33299994469
0.988999843597
1.10599994659
0.963999986649
1.11599993706
0.983000040054
1.26399993896
0.965000152588
0.985000133514
1.13000011444
1.15499997139
1.19899988174
0.996000051498
1.22999978065
0.993000030518
1.15300011635
1.12900018692
1.05200004578
1.09299993515
1.00300002098
1.12999987602
1.08899998665
0.978999853134
1.06500005722
1.16400003433
1.08599996567
1.30500006676
1.02500009537
0.925999879837
1.18300008774
0.996000051498
1.22299981117
1.28299999237
0.985000133514
1.25300002098
1.03299999237
1.17299985886
1.30399990082
1.1360001564
1.02300000191
1.09599995613
1.04600000381
1.12399983406
1.07299995422
1.23399996758
1.00600004196
1.01999998093
1.01600003242
1.15499997139
1.08899998665
0.942999839783
0.924999952316
1.132999897
1.10599994659
1.04299998283
1.08400011063
1.35000014305
0.93499994278
1.17299985886
1.04899978638
1.15600013733
1.07299995422
1.13199996948
1.06900000572
1.03600001335
1.11600017548
1.08000016212
1.21000003815
1.08300018311
1.14299988747
0.983000040054
0.998999834061
1.10299992561
1.25600004196
1.1850001812
0.935000181198
0.980000019073
1.11600017548
1.01399993896
0.986000061035
0.983000040054
1.23500013351
1.14299988747
1.132999897
1.0529999733
1.10599994659
1.14400005341
1.16899991035
0.958999872208
0.982000112534
1.03600001335
1.132999897
1.03399991989
1.10299992561
1.2349998951
1.2539999485
1.01600003242
0.983000040054
1.15499997139
1.132999897
1.16300010681
1.13199996948
1.31299996376
1.02400016785
1.03500008583
1.04699993134
1.05000019073
0.992999792099
0.921999931335
0.973000049591
1.05500006676
1.08599996567
1.08899998665
1.16300010681
0.986000061035
1.05499982834
1.02500009537
0.952999830246
1.13499999046
1.08200001717
1.36500000954
1.06200003624
1.05599999428
1.08200001717
1.35899996758
1.00300002098
1.03200006485
1.10100007057
1.09299993515
1.2429997921
1.15499997139
0.945000171661
1.13499999046
1.08599996567
1.13499999046
1.20899987221
0.924999952316
1.25300002098
1.15000009537
1.12199997902
1.25300002098
1.49300003052
1.24300003052
1.15300011635
1.10399985313
1.20300006866
1.03499984741
1.00999999046
1.25599980354
1.11500000954
1.12099981308
1.11500000954
1.32899999619
1.03899979591
1.12300014496
1.06299996376
1.08299994469
1.03600001335
1.09599995613
1.01300001144
1.03299999237
1.29299998283
1.03500008583
1.10500001907
1.03600001335
1.00300002098
1.03500008583
1.09299993515
1.16499996185
1.132999897
1.0529999733
1.08500003815
1.38300013542
1.03299999237
1.16299986839
1.14300012589
0.908999919891
1.13300013542
0.93700003624
1.00300002098
1.21299982071
1.19299983978
1.26599979401
1.16299986839
1.25900006294
1.14499998093
1.02300000191
0.946000099182
0.99599981308
0.964999914169
1.08200001717
1.04500007629
1.17700004578
1.132999897
0.999000072479
1.17600011826
Running uplink 4.5 ...
0.981999874115
1.26600003242
1.17299985886
1.10199999809
1.15599989891
0.0090000629425
0.161000013351
0.0889999866486
1.12999987602
1.1130001545
0.226000070572
1.02200007439
1.07899999619
1.21199989319
1.29500007629
1.20300006866
1.16300010681
1.25199985504
1.14499998093
0.0859999656677
1.07299995422
1.00600004196
1.09200000763
0.171000003815
1.12199997902
0.0659999847412
0.103000164032
0.0929999351501
1.06200003624
1.22199988365
0.0150001049042
0.896000146866
0.029000043869
1.19199991226
1.01200008392
1.04500007629
1.05599999428
0.0650000572205
1.16000008583
1.1400001049
0.0420000553131
1.0720000267
0.0320000648499
0.968999862671
1.00200009346
1.00600004196
1.10899996758
0.981999874115
1.02500009537
1.20199990273
0.121000051498
1.05500006676
1.08500003815
1.17000007629
0.0150001049042
0.0139999389648
0.0090000629425
0.069000005722
0.0339999198914
1.11199998856
1.01999998093
1.03199982643
0.085000038147
1.01099991798
1.02199983597
1.10500001907
1.03900003433
0.954999923706
0.986000061035
1.25900006294
1.03099989891
1.02200007439
1.4960000515
0.999000072479
1.02200007439
1.4960000515
1.19499993324
1.03799986839
1.05200004578
0.139999866486
1.08200001717
1.242000103
0.978999853134
0.0989999771118
2.11199998856
0.961999893188
1.06399989128
0.0390000343323
0.0139999389648
1.06900000572
1.21099996567
1.10299992561
1.0759999752
1.04600000381
1.16400003433
1.02300000191
0.954999923706
1.10900020599
0.0159997940063
0.986000061035
0.0920000076294
1.15599989891
1.01200008392
1.1819999218
0.951999902725
1.13199996948
0.295000076294
1.13899993896
0.0490000247955
1.02600002289
1.0150001049
1.04600000381
0.029000043869
0.194000005722
0.0490000247955
1.23399996758
0.976000070572
1.15000009537
0.0550000667572
1.06200003624
1.23399996758
1.1099998951
0.0090000629425
1.00999999046
1.24499988556
1.23600006104
1.02199983597
0.00999999046326
0.0210001468658
1.24499988556
0.00699996948242
0.095999956131
Running uplink 5 ...
1.00900006294
1.04199981689
0.111999988556
0.967000007629
1.26200008392
0.126999855042
1.05200004578
0.131999969482
0.983000040054
1.00899982452
0.115999937057
1.16700005531
1.14899992943
0.164999961853
1.02600002289
1.15400004387
1.16800022125
0.0599999427795
1.02799987793
1.09399986267
1.0
1.14499998093
0.345999956131
1.10199999809
1.15899991989
0.0119998455048
1.14499998093
0.0230000019073
0.988000154495
1.15499997139
1.01200008392
0.980000019073
1.32099986076
0.986000061035
1.22299981117
1.38700008392
1.132999897
1.3180000782
1.14600014687
1.08199977875
1.06100010872
1.14800000191
1.09000015259
1.02399992943
1.13199996948
0.0110001564026
1.14999985695
1.11000013351
0.989000082016
1.1819999218
1.25900006294
1.13800001144
1.17599987984
0.68799996376
1.24300003052
1.04200005531
0.0239999294281
0.968999862671
0.128000020981
0.978000164032
2.93300008774
1.02799987793
1.07700014114
1.01899981499
1.12800002098
1.03999996185
0.981000185013
1.0150001049
1.18799996376
1.29100012779
0.128000020981
0.99599981308
1.20300006866
1.10400009155
1.10299992561
