Inter_packet_time	Transmission_delay	Normalized_transmission_delay	OTA_RTT	RLC_retx_ratio	RLC_retx_count	RSCP	ECIO	PRACH_reset_count	PRACH_complete_count	Send_UDP_timestamp	First_Mapped_RLC_timestamp	Last_Mapped_RLC_timestamp	UDP_RTT	Receive_UDP_timestamp	DCH_to_FACH_Demotion_timer	IP_to_first_RLC
3.0	16.0000324249	1.77778138055	20.6668641832	0.0	0	N/A	N/A	0	0	07:39:41.446000	07:39:41.448000	07:39:41.464000	1.83999991417	07:39:43.286000	1.21900010109	0.0179998874664	
3.5	16.0000324249	1.77778138055	20.9999084473	0.037037037037	1	-75.0	-16.0	0	0	07:40:08.855000	07:40:08.858000	07:40:08.874000	0.0899999141693	07:40:08.945000	0.0	0.0190000534058	
4.0	75.9999752045	3.16666563352	25.7500310739	0.0	0	-75.0	-16.0	0	0	07:40:37.373000	07:40:38.794000	07:40:38.870000	1.56700015068	07:40:38.940000	1.3860001564	1.49699997902	
4.5	69.000005722	3.00000024878	19.0000534058	0.037037037037	1	-59.0	-3.0	0	0	07:41:11.379000	07:41:12.191000	07:41:12.260000	0.950999975204	07:41:12.330000	0.0	0.881000041962	
5.0	779.99997139	77.999997139	5.90009689331	0.0	0	-59.0	-3.0	1	3	07:41:47.018000	07:41:47.025000	07:41:47.805000	0.861000061035	07:41:47.879000	0.0	0.787000179291	
5.5	710.000038147	71.0000038147	11.9999170303	0.0	0	-60.0	-2.0	1	3	07:42:25.363000	07:42:25.365000	07:42:26.075000	0.782999992371	07:42:26.146000	0.0	0.712000131607	
6.0	15.0001049042	1.66667832269	44.0000163184	0.0	0	-59.0	-2.0	0	0	07:43:07.868000	07:43:08.600000	07:43:08.615000	0.820999860764	07:43:08.689000	0.0	0.746999979019	
6.5	824.999809265	32.9999923706	14.9998664856	0.037037037037	1	-60.0	-2.0	0	7	07:43:59.228000	07:43:59.755000	07:44:00.580000	1.42200016975	07:44:00.650000	0.0	1.35199999809	
7.0	15.0001049042	1.66667832269	5.99988301595	0.0	0	-60.0	-2.5	0	0	07:44:51.590000	07:44:55.620000	07:44:55.635000	4.12000012398	07:44:55.710000	0.0	4.04500007629	
7.5	14.9998664856	1.66665183173	4.44441371494	0.0	0	-75.0	-11.0	0	0	07:45:59.346000	07:46:03.380000	07:46:03.395000	4.12700009346	07:46:03.473000	0.0	4.0490000248	
8.0	15.0001049042	1.66667832269	25.7777902815	0.0	0	-64.0	-2.5	0	0	07:47:13.025000	07:47:14.040000	07:47:14.055000	1.10399985313	07:47:14.129000	0.0	1.02999997139	
8.5	19.9999809265	1.81818008423	4.54538518732	0.555555555556	15	-63.0	-2.5	0	0	07:48:11.395000	07:48:12.450000	07:48:12.470000	1.23500013351	07:48:12.630000	0.0	1.07500004768	
9.0	14.9998664856	1.66665183173	21.888838874	0.0	0	-62.0	-2.5	0	0	07:49:12.955000	07:49:13.920000	07:49:13.935000	1.05500006676	07:49:14.010000	0.0	0.980000019073	
9.5	15.0001049042	1.66667832269	7.5556702084	0.0	0	-59.0	-1.5	0	0	07:50:17.510000	07:50:18.580000	07:50:18.595000	1.15899991989	07:50:18.669000	0.0	1.08500003815	
10.0	15.0001049042	1.66667832269	12.5554667579	0.0	0	-60.0	-2.0	0	0	07:51:27.174000	07:51:28.260000	07:51:28.275000	1.17599987984	07:51:28.350000	0.0	1.10100007057	
10.5	18.000125885	1.8000125885	22.0999240875	0.0	0	-59.0	-2.5	0	0	07:52:37.898000	07:52:39.050000	07:52:39.068000	1.24499988556	07:52:39.143000	0.0	1.17000007629	
11.0	14.9998664856	1.66665183173	20.5555491977	0.0	0	-65.0	-3.0	0	0	07:53:51.959000	07:53:52.970000	07:53:52.985000	1.10099983215	07:53:53.060000	0.0	1.02599978447	
11.5	14.9998664856	1.66665183173	19.3333095974	0.037037037037	1	-62.0	-2.0	0	0	07:55:08.619000	07:55:09.630000	07:55:09.645000	1.10000014305	07:55:09.719000	0.0	1.02600002289	
12.0	14.9998664856	1.66665183173	4.99990251329	0.0	0	-62.0	-3.0	0	0	07:56:28.118000	07:56:29.210000	07:56:29.225000	1.1819999218	07:56:29.300000	0.0	1.10699987411	
12.5	72.0000267029	3.1304359436	22.0000743866	0.037037037037	1	-65.0	-2.5	0	0	07:57:50.805000	07:57:51.898000	07:57:51.970000	1.2349998951	07:57:52.040000	0.0	1.16499996185	
13.0	17.9998874664	1.79998874664	8.29992294312	0.0	0	-69.0	-4.0	0	0	07:59:16.654000	07:59:17.720000	07:59:17.738000	1.16899991035	07:59:17.823000	0.0	1.08399987221	
13.5	15.0001049042	1.66667832269	22.5556956397	0.0	0	-61.0	-2.5	0	0	08:00:44.548000	08:00:45.570000	08:00:45.585000	1.12199997902	08:00:45.670000	0.0	1.03699994087	
14.0	15.0001049042	1.66667832269	12.5554667579	0.0	0	-65.0	-3.0	0	0	08:02:17.235000	08:02:18.250000	08:02:18.265000	1.10500001907	08:02:18.340000	0.0	1.03000020981	
14.5	72.9999542236	3.04166475932	16.9999301434	0.0	0	-60.0	-2.5	0	0	08:03:51.775000	08:03:52.881000	08:03:52.954000	1.2539999485	08:03:53.029000	0.0	1.17899990082	
15.0	17.9998874664	1.79998874664	19.0999984741	0.0	0	-65.0	-3.5	0	0	08:05:29.445000	08:05:30.470000	08:05:30.488000	1.12300014496	08:05:30.568000	0.0	1.04299998283	
0.0	16.0000324249	1.77778138055	23.7777233124	0.0	0	-76.0	-13.0	0	0	08:10:21.625000	08:10:21.625000	08:10:21.641000	0.0880000591278	08:10:21.713000	0.0	0.0160000324249	
0.5	16.0000324249	1.77778138055	21.8888918559	0.0	0	-76.0	-13.0	0	0	08:10:25.193000	08:10:25.194000	08:10:25.210000	0.0899999141693	08:10:25.283000	0.0	0.0169999599457	
1.0	41.0001277924	1.95238703773	19.4762434278	0.0	0	-76.0	-13.0	0	0	08:10:31.803000	08:10:31.804000	08:10:31.845000	0.120000123978	08:10:31.923000	0.0	0.0420000553131	
1.5	16.0000324249	1.77778138055	28.3333725399	0.0	0	-76.0	-13.0	0	0	08:10:41.281000	08:10:41.284000	08:10:41.300000	0.0920000076294	08:10:41.373000	0.0	0.0190000534058	
2.0	16.0000324249	1.77778138055	23.0000019073	0.0	0	-76.0	-13.0	0	0	08:10:53.753000	08:10:53.754000	08:10:53.770000	0.0910000801086	08:10:53.844000	0.0	0.0169999599457	
2.5	72.0000267029	3.1304359436	38.7826380522	0.0	0	-76.0	-13.0	0	0	08:11:09.353000	08:11:09.398000	08:11:09.470000	0.200000047684	08:11:09.553000	0.0	0.117000102997	
3.0	74.9998092651	3.2608612724	25.043570477	0.0	0	-64.0	-4.5	0	0	08:11:33.503000	08:11:33.525000	08:11:33.600000	1.39299988747	08:11:34.896000	0.884999990463	0.0969998836517	
3.5	16.0000324249	1.77778138055	7.3332256741	0.0	0	-73.0	-12.5	0	0	08:12:02.916000	08:12:02.918000	08:12:02.934000	1.41000008583	08:12:04.326000	1.40499997139	0.018000125885	
4.5	14.9998664856	1.66665183173	9.4445016649	0.0	0	-60.0	-3.5	0	0	08:13:14.030000	08:13:14.680000	08:13:14.695000	0.737999916077	08:13:14.768000	0.0	0.664999961853	
5.0	810.000181198	81.0000181198	19.9999809265	0.037037037037	1	-55.0	-2.5	1	3	08:13:49.714000	08:13:49.715000	08:13:50.525000	0.885999917984	08:13:50.600000	0.0	0.811000108719	
5.5	17.9998874664	1.99998749627	23.3333640628	0.0	0	-55.0	-2.0	0	0	08:14:28.545000	08:14:29.240000	08:14:29.258000	0.784999847412	08:14:29.330000	0.0	0.712999820709	
6.0	17.9998874664	1.99998749627	26.111152437	0.0	0	-55.0	-1.5	0	0	08:15:16.730000	08:15:17.420000	08:15:17.438000	0.77999997139	08:15:17.510000	0.0	0.707999944687	
6.5	2040.00020027	75.555562973	36.5554579982	0.0	0	-56.0	-2.0	0	26	08:16:04.798000	08:16:05.715000	08:16:07.755000	3.18799996376	08:16:07.986000	0.0	2.95700001717	
7.0	17.9998874664	1.99998749627	13.666762246	0.0	0	-54.0	-1.5	0	0	08:16:56.816000	08:16:57.910000	08:16:57.928000	1.18499994278	08:16:58.001000	0.0	1.11199998856	
7.5	14.9998664856	1.66665183173	24.9998834398	0.0	0	-55.0	-2.0	0	0	08:17:55.375000	08:17:56.400000	08:17:56.415000	1.11500000954	08:17:56.490000	0.0	1.03999996185	
8.0	18.000125885	2.00001398722	24.2224004534	0.0	0	-55.0	-1.5	0	0	08:18:51.343000	08:18:52.370000	08:18:52.388000	1.117000103	08:18:52.460000	0.0	1.04500007629	
8.5	14.9998664856	1.66665183173	6.22227456835	0.037037037037	1	-54.0	-1.0	0	0	08:19:50.290000	08:19:51.420000	08:19:51.435000	1.22099995613	08:19:51.511000	0.0	1.14499998093	
9.0	72.0000267029	3.1304359436	25.3476267276	0.0	0	-55.0	-2.0	0	0	08:20:52.350000	08:20:53.498000	08:20:53.570000	1.29100012779	08:20:53.641000	0.0	1.22000002861	
9.5	16.0000324249	1.77778138055	23.6666732364	0.0	0	-55.0	-1.5	0	0	08:21:57.433000	08:21:58.460000	08:21:58.476000	1.11800003052	08:21:58.551000	0.0	1.04299998283	
10.0	78.9999961853	3.29166650772	25.4583656788	0.0	0	-54.0	-2.0	0	0	08:23:05.245000	08:23:06.401000	08:23:06.480000	1.30300021172	08:23:06.548000	0.0	1.23500013351	
10.5	15.0001049042	1.66667832269	12.6666757796	0.037037037037	1	-53.0	-1.5	0	0	08:24:16.205000	08:24:17.343000	08:24:17.358000	1.22300004959	08:24:17.428000	0.0	1.15300011635	
11.0	18.000125885	2.00001398722	7.55559073554	0.0	0	-55.0	-2.5	0	0	08:25:30.038000	08:25:31.110000	08:25:31.128000	1.15999984741	08:25:31.198000	0.0	1.08999991417	
11.5	16.0000324249	1.77778138055	24.666706721	0.0	0	-53.0	-1.5	0	0	08:26:46.899000	08:26:48.100000	08:26:48.116000	1.29100012779	08:26:48.190000	0.0	1.21700000763	
12.0	15.0001049042	1.66667832269	5.88899188572	0.0	0	-53.0	-1.5	0	0	08:28:07.150000	08:28:08.300000	08:28:08.315000	1.23799991608	08:28:08.388000	0.0	1.16499996185	
12.5	14.9998664856	1.66665183173	9.444448683	0.0	0	-56.0	-3.0	0	0	08:29:30.106000	08:29:31.230000	08:29:31.245000	1.21399998665	08:29:31.320000	0.0	1.13899993896	
13.0	14.9998664856	1.66665183173	24.9998569489	0.037037037037	1	-54.0	-1.5	0	0	08:30:55.876000	08:30:56.940000	08:30:56.955000	1.15499997139	08:30:57.031000	0.0	1.07899999619	
13.5	16.9999599457	1.88888443841	12.8889083862	0.0	0	-54.0	-2.0	0	0	08:32:24.595000	08:32:25.711000	08:32:25.728000	1.20499992371	08:32:25.800000	0.0	1.132999897	
14.0	14.9998664856	1.66665183173	25.0000953674	0.0	0	-54.0	-1.5	0	0	08:33:56.624000	08:33:57.650000	08:33:57.665000	1.11599993706	08:33:57.740000	0.0	1.04099988937	
14.5	16.0000324249	1.77778138055	9.99999046326	0.037037037037	1	-68.0	-10.0	0	0	08:35:31.895000	08:35:33.060000	08:35:33.076000	1.25500011444	08:35:33.150000	0.0	1.18099999428	
15.0	17.9998874664	1.99998749627	7.00010193719	0.0	0	-54.0	-1.0	0	0	08:37:09.909000	08:37:10.940000	08:37:10.958000	1.12199997902	08:37:11.031000	0.0	1.0490000248	
0.0	19.0000534058	1.90000534058	23.4999418259	0.0	0	-54.0	-3.0	0	0	09:10:23.520000	09:10:23.520000	09:10:23.539000	0.0880000591278	09:10:23.608000	0.0	0.0190000534058	
0.5	31.9998264313	1.88234273125	27.9998919543	0.0	0	-54.0	-3.0	0	0	09:10:27.036000	09:10:27.038000	09:10:27.070000	0.101999998093	09:10:27.138000	0.0	0.0339999198914	
1.0	9.0000629425	1.50001049042	39.9999221166	0.0	0	-54.0	-3.0	0	0	09:10:33.436000	09:10:33.439000	09:10:33.448000	0.0819997787476	09:10:33.518000	0.0	0.0119998455048	
1.5	9.0000629425	1.50001049042	19.9999809265	0.0	0	-54.0	-3.0	0	0	09:10:42.916000	09:10:42.919000	09:10:42.928000	0.0820000171661	09:10:42.998000	0.0	0.0120000839233	
2.0	9.0000629425	1.50001049042	19.9998617172	0.0	0	-54.0	-3.0	0	0	09:10:55.296000	09:10:55.299000	09:10:55.308000	0.0820000171661	09:10:55.378000	0.0	0.0120000839233	
2.5	14.9998664856	1.66665183173	26.6666412354	0.0	0	-54.0	-3.0	0	0	09:11:11.036000	09:11:11.039000	09:11:11.054000	0.0920000076294	09:11:11.128000	0.0	0.0179998874664	
3.0	16.9999599457	1.88888443841	13.4443177117	0.0	0	-54.0	-2.5	0	0	09:11:35.575000	09:11:35.576000	09:11:35.593000	1.93299984932	09:11:37.508000	1.38700008392	0.0179998874664	
3.5	1904.00004387	238.000005484	25.249928236	0.0689655172414	2	-54.0	-2.0	1	2	09:12:02.295000	09:12:02.326000	09:12:04.230000	2.05900001526	09:12:04.354000	1.36100006104	1.93499994278	
4.0	16.0000324249	1.77778138055	13.7778653039	0.0	0	-54.0	-2.0	0	0	09:12:33.726000	09:12:34.930000	09:12:34.946000	1.30799984932	09:12:35.034000	1.13499999046	1.22000002861	
4.5	16.0000324249	1.77778138055	28.0001163483	0.037037037037	1	-54.0	-2.5	0	0	09:13:07.990000	09:13:08.760000	09:13:08.776000	0.864000082016	09:13:08.854000	1.34699988365	0.786000013351	
5.0	878.000020981	35.1200008392	22.2400665283	0.0	0	-54.0	-1.0	1	3	09:13:43.528000	09:13:43.535000	09:13:44.413000	0.952999830246	09:13:44.481000	0.0	0.884999990463	
5.5	74.9998092651	3.12499205271	19.2499856154	0.0	0	-54.0	-1.0	0	0	09:14:22.215000	09:14:23.015000	09:14:23.090000	0.945000171661	09:14:23.160000	0.0	0.875	
6.0	71.0000991821	3.08696083401	20.9564333377	0.0	0	-55.0	-7.5	0	0	09:15:04.095000	09:15:04.839000	09:15:04.910000	0.884999990463	09:15:04.980000	0.0	0.81500005722	
6.5	16.0000324249	1.77778138055	18.3333290948	0.0	0	-56.0	-2.0	0	0	09:15:51.824000	09:15:52.530000	09:15:52.546000	0.797000169754	09:15:52.621000	0.0	0.72200012207	
7.0	16.0000324249	1.77778138055	5.00011444092	0.0	0	-54.0	-1.0	0	0	09:16:43.916000	09:16:45.040000	09:16:45.056000	1.21500015259	09:16:45.131000	0.0	1.1400001049	
7.5	15.9997940063	1.77775488959	12.0000839233	0.0	0	-55.0	-2.0	0	0	09:17:38.745000	09:17:39.880000	09:17:39.896000	1.22300004959	09:17:39.968000	0.0	1.15100002289	
8.0	19.0000534058	2.11111704508	4.22218110826	0.0	0	-55.0	-1.5	0	0	09:18:34.775000	09:18:35.730000	09:18:35.749000	1.04999995232	09:18:35.825000	0.0	0.973999977112	
8.5	16.0000324249	1.77778138055	0.999927520752	0.037037037037	1	-53.0	-1.0	0	0	09:19:33.575000	09:19:34.530000	09:19:34.546000	1.04499983788	09:19:34.620000	0.0	0.970999956131	
9.0	16.0000324249	1.77778138055	20.0000339084	0.0	0	-54.0	-1.5	0	0	09:20:35.655000	09:20:36.690000	09:20:36.706000	1.11899995804	09:20:36.774000	0.0	1.05100011826	
9.5	71.0000991821	3.08696083401	24.9566098918	0.0	0	-56.0	-2.5	0	0	09:21:40.538000	09:21:41.659000	09:21:41.730000	1.26599979401	09:21:41.804000	0.0	1.19199991226	
10.0	71.0000991821	3.08696083401	20.9566613902	0.0	0	-54.0	-1.0	0	0	09:22:48.548000	09:22:49.659000	09:22:49.730000	1.25199985504	09:22:49.800000	0.0	1.1819999218	
10.5	19.0000534058	1.90000534058	28.5001754761	0.0	0	-54.0	-1.0	0	0	09:23:59.680000	09:24:00.710000	09:24:00.729000	1.12399983406	09:24:00.804000	0.0	1.0490000248	
11.0	15.9997940063	1.77775488959	29.3333265516	0.0	0	-54.0	-1.5	0	0	09:25:13.570000	09:25:14.640000	09:25:14.656000	1.16000008583	09:25:14.730000	0.0	1.08599996567	
11.5	66.999912262	2.91303966356	17.9998874664	0.037037037037	1	-54.0	-2.0	0	0	09:26:30.440000	09:26:31.503000	09:26:31.570000	1.2009999752	09:26:31.641000	0.0	1.12999987602	
12.0	69.9999332428	3.04347535838	20.9999084473	0.037037037037	1	-54.0	-1.5	0	0	09:27:50.558000	09:27:51.803000	09:27:51.873000	1.38599991798	09:27:51.944000	0.0	1.3149998188	
12.5	75.0000476837	3.12500198682	22.7501392365	0.0	0	-54.0	-1.5	0	0	09:29:13.751000	09:29:14.875000	09:29:14.950000	1.26900005341	09:29:15.020000	0.0	1.19900012016	
13.0	15.9997940063	1.77775488959	24.0001678467	0.0	0	-54.0	-1.5	0	0	09:30:39.730000	09:30:40.890000	09:30:40.906000	1.25	09:30:40.980000	0.0	1.17599987984	
13.5	16.0000324249	1.77778138055	4.44430775113	0.0	0	-53.0	-1.5	0	0	09:32:08.599000	09:32:09.680000	09:32:09.696000	1.17100000381	09:32:09.770000	0.0	1.09700012207	
14.0	16.0000324249	1.77778138055	5.99988301595	0.0	0	-54.0	-1.5	0	0	09:33:40.570000	09:33:41.580000	09:33:41.596000	1.10000014305	09:33:41.670000	0.0	1.02600002289	
14.5	16.0000324249	1.77778138055	24.8889658186	0.0	0	-55.0	-1.5	0	0	09:35:15.360000	09:35:16.410000	09:35:16.426000	1.1400001049	09:35:16.500000	0.0	1.06600022316	
15.0	73.9998817444	3.08332840602	20.9999084473	0.037037037037	1	-55.0	-2.0	0	0	09:36:53.209000	09:36:54.299000	09:36:54.373000	1.24099993706	09:36:54.450000	0.0	1.16399979591	
0.0	9.99999046326	1.66666507721	26.9999901454	0.0	0	-54.0	-2.0	0	0	09:40:20.381000	09:40:20.383000	09:40:20.393000	0.0889999866486	09:40:20.470000	0.0	0.0119998455048	
0.5	9.99999046326	1.66666507721	19.9999809265	0.037037037037	1	-54.0	-2.0	0	0	09:40:23.740000	09:40:23.740000	09:40:23.750000	0.0799999237061	09:40:23.820000	0.0	0.00999999046326	
1.0	16.0000324249	1.77778138055	19.4444391463	0.0	0	-54.0	-2.0	0	0	09:40:30.428000	09:40:30.429000	09:40:30.445000	0.0920000076294	09:40:30.520000	0.0	0.0169999599457	
1.5	86.9998931885	3.78260405167	24.7826887214	0.0	0	-54.0	-2.0	0	0	09:40:39.951000	09:40:39.959000	09:40:40.046000	0.168999910355	09:40:40.120000	0.0	0.0950000286102	
2.0	17.0001983643	1.88891092936	29.6666357252	0.0	0	-54.0	-2.0	0	0	09:40:52.665000	09:40:52.666000	09:40:52.683000	0.0950000286102	09:40:52.760000	0.0	0.018000125885	
2.5	9.99999046326	1.66666507721	25.3332853317	0.0	0	-54.0	-2.0	0	0	09:41:08.050000	09:41:08.053000	09:41:08.063000	0.0900001525879	09:41:08.140000	0.0	0.0130000114441	
3.0	15.9997940063	1.77775488959	15.2223904928	0.0	0	-54.0	-3.0	0	0	09:41:31.966000	09:41:31.969000	09:41:31.985000	1.99199986458	09:41:33.958000	1.46200013161	0.0189998149872	
3.5	15.9997940063	1.77775488959	7.5556702084	0.0	0	-54.0	-3.0	0	0	09:42:03.958000	09:42:03.959000	09:42:03.975000	1.3900001049	09:42:05.348000	1.32699990273	0.0169999599457	
4.0	23.0000019073	1.91666682561	11.1665725708	0.444444444444	12	-54.0	-2.5	0	0	09:42:35.840000	09:42:37.120000	09:42:37.143000	1.47900009155	09:42:37.319000	1.29600000381	1.3029999733	
4.5	19.9999809265	1.81818008423	0.999927520752	0.592592592593	16	-56.0	-8.5	0	0	09:43:10.886000	09:43:11.630000	09:43:11.650000	0.925000190735	09:43:11.811000	1.30500006676	0.764000177383	
5.0	874.000072479	36.4166696866	27.5415579478	0.0	0	-54.0	-3.0	1	3	09:43:46.889000	09:43:46.896000	09:43:47.770000	0.950999975204	09:43:47.840000	0.0	0.881000041962	
5.5	19.9999809265	1.81818008423	21.8181610107	0.0	0	-54.0	-2.5	0	0	09:44:24.523000	09:44:25.300000	09:44:25.320000	0.867000102997	09:44:25.390000	0.0	0.796999931335	
6.0	770.000219345	77.0000219345	22.0000505447	0.0	0	-54.0	-1.0	1	3	09:45:05.914000	09:45:05.916000	09:45:06.686000	0.843999862671	09:45:06.758000	0.0	0.772000074387	
6.5	19.0000534058	1.90000534058	18.9999818802	0.0	0	-54.0	-1.5	0	0	09:45:53.989000	09:45:54.710000	09:45:54.729000	0.80999994278	09:45:54.799000	0.0	0.740000009537	
7.0	18.9998149872	1.89998149872	24.8999595642	0.0	0	-54.0	-2.0	0	0	09:46:46.300000	09:46:47.390000	09:46:47.409000	1.18499994278	09:46:47.485000	0.0	1.10899996758	
7.5	79.9999237061	3.33333015442	24.999866883	0.0	0	-54.0	-1.5	0	0	09:47:39.133000	09:47:40.190000	09:47:40.270000	1.21200013161	09:47:40.345000	0.0	1.13700008392	
8.0	16.0000324249	1.77778138055	1.00016593933	0.037037037037	1	-54.0	-1.5	0	0	09:48:35.228000	09:48:36.270000	09:48:36.286000	1.13199996948	09:48:36.360000	0.0	1.05800008774	
8.5	14.9998664856	1.66665183173	3.99994850159	0.037037037037	1	-55.0	-9.0	0	0	09:49:34.099000	09:49:35.111000	09:49:35.126000	1.11599993706	09:49:35.215000	0.0	1.02699995041	
9.0	16.0000324249	1.77778138055	7.77774386936	0.0	0	-55.0	-2.0	0	0	09:50:35.960000	09:50:37.020000	09:50:37.036000	1.14899992943	09:50:37.109000	0.0	1.0759999752	
9.5	65.0000572205	2.82608944437	24.2175537607	0.0	0	-55.0	-1.5	0	0	09:51:40.848000	09:51:41.975000	09:51:42.040000	1.27099990845	09:51:42.119000	0.0	1.19199991226	
10.0	66.999912262	2.91303966356	26.9999504089	0.037037037037	1	-55.0	-1.5	0	0	09:52:48.775000	09:52:49.983000	09:52:50.050000	1.34499979019	09:52:50.120000	0.0	1.27499985695	
11.5	16.0000324249	1.77778138055	3.8890308804	0.0	0	-53.0	-1.5	0	0	09:56:42.208000	09:56:43.260000	09:56:43.276000	1.14499998093	09:56:43.353000	0.0	1.0680000782	
12.0	16.0000324249	1.77778138055	16.9999599457	0.037037037037	1	-54.0	-1.5	0	0	09:58:01.899000	09:58:03.020000	09:58:03.036000	1.21000003815	09:58:03.109000	0.0	1.13700008392	
12.5	16.0000324249	1.77778138055	39.6666526794	0.0	0	-56.0	-2.0	0	0	09:59:24.728000	09:59:25.770000	09:59:25.786000	1.14499998093	09:59:25.873000	0.0	1.05800008774	
13.0	15.9997940063	1.77775488959	13.888835907	0.0	0	-55.0	-6.5	0	0	10:00:50.878000	10:00:51.880000	10:00:51.896000	1.10500001907	10:00:51.983000	0.0	1.01799988747	
13.5	72.9999542236	3.04166475932	23.5832631588	0.0	0	-54.0	-1.5	0	0	10:02:25.578000	10:02:26.710000	10:02:26.783000	1.28199982643	10:02:26.860000	0.0	1.20499992371	
14.0	19.0000534058	2.11111704508	14.7779252794	0.0	0	-52.0	-1.0	0	0	10:04:03.738000	10:04:04.790000	10:04:04.809000	1.14200019836	10:04:04.880000	0.0	1.07100009918	
14.5	17.9998874664	1.99998749627	13.5555002424	0.0	0	-54.0	-1.5	0	0	10:05:41.588000	10:05:42.621000	10:05:42.639000	1.1210000515	10:05:42.709000	0.0	1.05099987984	
15.0	19.9999809265	1.99999809265	50.5000591278	0.0	0	-54.0	-1.5	0	0	10:07:19.268000	10:07:20.310000	10:07:20.330000	1.14200019836	10:07:20.410000	0.0	1.06200003624	
0.0	15.0001049042	1.66667832269	55.1111168332	0.0	0	-54.0	-3.5	0	0	10:40:23.760000	10:40:23.761000	10:40:23.776000	0.0899999141693	10:40:23.850000	0.0	0.0160000324249	
0.5	14.9998664856	1.66665183173	5.9999095069	0.037037037037	1	-54.0	-3.5	0	0	10:40:27.130000	10:40:27.131000	10:40:27.146000	0.0899999141693	10:40:27.220000	0.0	0.0159997940063	
1.0	9.99999046326	1.66666507721	6.49988651276	0.0	0	-54.0	-3.5	0	0	10:40:33.629000	10:40:33.631000	10:40:33.641000	0.0910000801086	10:40:33.720000	0.0	0.0120000839233	
1.5	78.9999961853	3.29166650772	29.458373785	0.0	0	-54.0	-3.5	0	0	10:40:43.090000	10:40:43.111000	10:40:43.190000	0.180000066757	10:40:43.270000	0.0	0.100000143051	
2.0	15.0001049042	1.66667832269	43.3334774441	0.0	0	-54.0	-3.5	0	0	10:40:55.690000	10:40:55.691000	10:40:55.706000	0.0899999141693	10:40:55.780000	0.0	0.0160000324249	
2.5	15.0001049042	1.66667832269	23.9999294281	0.0	0	-54.0	-3.5	0	0	10:41:11.160000	10:41:11.161000	10:41:11.176000	0.0899999141693	10:41:11.250000	0.0	0.0160000324249	
3.0	15.9997940063	1.77775488959	12.889040841	0.0	0	-54.0	-2.0	0	0	10:41:35.774000	10:41:35.775000	10:41:35.791000	2.05500006676	10:41:37.829000	1.49300003052	0.0169999599457	
3.5	16.0000324249	1.77778138055	13.3333471086	0.037037037037	1	-55.0	-3.5	0	0	10:42:06.936000	10:42:06.938000	10:42:06.954000	1.02300000191	10:42:07.959000	0.903000116348	0.0179998874664	
4.0	14.9998664856	1.66665183173	12.0000044505	0.0	0	-54.0	-2.0	0	0	10:42:39.160000	10:42:40.331000	10:42:40.346000	1.25999999046	10:42:40.420000	1.15100002289	1.1859998703	
4.5	16.9999599457	1.88888443841	5.00011444092	0.037037037037	1	-54.0	-3.0	0	0	10:43:12.539000	10:43:13.231000	10:43:13.248000	0.783999919891	10:43:13.323000	0.0	0.708999872208	
5.0	804.000139236	73.0909217488	9.00004126809	0.0	0	-55.0	-2.5	1	3	10:43:49.075000	10:43:49.076000	10:43:49.880000	0.873999834061	10:43:49.949000	0.0	0.805000066757	
5.5	17.9998874664	1.99998749627	21.7778417799	0.0	0	-54.0	-1.5	0	0	10:44:27.690000	10:44:28.391000	10:44:28.409000	0.789000034332	10:44:28.479000	0.0	0.718999862671	
6.0	16.9999599457	1.88888443841	17.9999934302	0.0	0	-55.0	-1.0	0	0	10:45:09.266000	10:45:09.951000	10:45:09.968000	0.773999929428	10:45:10.040000	0.0	0.701999902725	
6.5	72.9999542236	3.04166475932	25.2917607625	0.0	0	-56.0	-2.0	0	0	10:46:02.943000	10:46:03.688000	10:46:03.761000	0.889999866486	10:46:03.833000	0.0	0.817999839783	
7.0	19.9999809265	1.81818008423	24.7273445129	0.555555555556	15	-55.0	-1.0	0	0	10:47:02.219000	10:47:06.251000	10:47:06.271000	4.21399998665	10:47:06.433000	0.0	4.05199980736	
7.5	20.9999084473	1.74999237061	29.4165611267	0.444444444444	12	-54.0	-1.0	0	0	10:47:58.161000	10:47:59.184000	10:47:59.205000	1.19899988174	10:47:59.360000	0.0	1.04399991035	
8.0	17.0001983643	1.88891092936	25.4444016351	0.0	0	-54.0	-1.5	0	0	10:48:54.240000	10:48:55.271000	10:48:55.288000	1.11999988556	10:48:55.360000	0.0	1.04800009727	
8.5	80.0001621246	3.33334008853	26.7499784629	0.0	0	-54.0	-1.0	0	0	10:49:53.104000	10:49:54.271000	10:49:54.351000	1.31599998474	10:49:54.420000	0.0	1.24699997902	
9.0	16.9999599457	1.88888443841	6.11119800144	0.0	0	-54.0	-1.0	0	0	10:50:55.010000	10:50:56.061000	10:50:56.078000	1.14300012589	10:50:56.153000	0.0	1.0680000782	
9.5	17.9998874664	1.99998749627	7.77769088745	0.0	0	-54.0	-1.5	0	0	10:51:59.954000	10:52:01.091000	10:52:01.109000	1.23099994659	10:52:01.185000	0.0	1.15499997139	
10.0	19.0000534058	1.90000534058	22.1000671387	0.0	0	-55.0	-2.0	0	0	10:53:07.998000	10:53:09.021000	10:53:09.040000	1.11500000954	10:53:09.113000	0.0	1.04200005531	
10.5	70.9998607635	3.08695046798	24.5215996452	0.0	0	-54.0	-1.5	0	0	10:54:19.035000	10:54:20.140000	10:54:20.211000	1.25	10:54:20.285000	0.0	1.17599987984	
11.0	19.9999809265	1.99999809265	7.59992599487	0.0	0	-54.0	-1.5	0	0	10:55:33.145000	10:55:34.251000	10:55:34.271000	1.20000004768	10:55:34.345000	0.0	1.12599992752	
11.5	75.9999752045	3.16666563352	23.0833292007	0.0	0	-54.0	-1.0	0	0	10:56:50.139000	10:56:51.255000	10:56:51.331000	1.26900005341	10:56:51.408000	0.0	1.19200015068	
12.0	16.9999599457	1.88888443841	23.7778027852	0.0	0	-54.0	-1.0	0	0	10:58:10.199000	10:58:11.361000	10:58:11.378000	1.25500011444	10:58:11.454000	0.0	1.17900013924	
12.5	16.9999599457	1.88888443841	18.4444056617	0.0	0	-54.0	-1.5	0	0	10:59:33.520000	10:59:34.551000	10:59:34.568000	1.12299990654	10:59:34.643000	0.0	1.04800009727	
13.0	19.0000534058	1.90000534058	22.5999355316	0.0	0	-55.0	-1.5	0	0	11:00:59.665000	11:01:00.751000	11:01:00.770000	1.17499995232	11:01:00.840000	0.0	1.10500001907	
13.5	16.9999599457	1.88888443841	38.0001862844	0.0	0	-55.0	-1.5	0	0	11:02:28.589000	11:02:29.661000	11:02:29.678000	1.16100001335	11:02:29.750000	0.0	1.08899998665	
14.0	16.9999599457	1.88888443841	11.0000769297	0.0	0	-55.0	-1.0	0	0	11:04:00.775000	11:04:01.901000	11:04:01.918000	1.21599984169	11:04:01.991000	0.0	1.14299988747	
14.5	17.0001983643	1.88891092936	13.1111674839	0.0	0	-55.0	-1.5	0	0	11:05:35.755000	11:05:36.791000	11:05:36.808000	1.125	11:05:36.880000	0.0	1.0529999733	
0.0	15.0001049042	1.66667832269	7.11120499505	0.0	0	-54.0	-1.5	0	0	11:40:28.193000	11:40:28.195000	11:40:28.210000	0.0909998416901	11:40:28.284000	0.0	0.0169999599457	
0.5	14.9998664856	1.66665183173	24.9998834398	0.0	0	-54.0	-1.5	0	0	11:40:31.583000	11:40:31.585000	11:40:31.600000	0.0920000076294	11:40:31.675000	0.0	0.0169999599457	
1.0	73.9998817444	3.08332840602	21.9998459021	0.0	0	-54.0	-1.5	0	0	11:40:38.035000	11:40:38.069000	11:40:38.143000	0.179999828339	11:40:38.215000	0.0	0.107999801636	
1.5	15.0001049042	1.66667832269	20.4444196489	0.0	0	-54.0	-1.5	0	0	11:40:47.721000	11:40:47.725000	11:40:47.740000	0.0929999351501	11:40:47.814000	0.0	0.0190000534058	
2.0	9.99999046326	1.66666507721	25.5000591278	0.0	0	-54.0	-1.5	0	0	11:41:00.235000	11:41:00.236000	11:41:00.246000	0.0789999961853	11:41:00.314000	0.0	0.0110001564026	
2.5	40.9998893738	1.95237568447	19.4286278316	0.0	0	-54.0	-1.5	0	0	11:41:15.813000	11:41:15.815000	11:41:15.856000	0.111000061035	11:41:15.924000	0.0	0.0429999828339	
3.0	74.000120163	3.08333834012	25.6664554278	0.0	0	-53.0	-3.5	0	0	11:41:40.298000	11:41:40.329000	11:41:40.403000	2.02199983597	11:41:42.320000	1.35700011253	0.105000019073	
3.5	1565.99998474	120.461537288	87.6922607422	0.0	0	-54.0	-3.0	0	6	11:42:10.900000	11:42:10.903000	11:42:12.469000	1.79999995232	11:42:12.700000	1.42300009727	1.56900000572	
4.0	85.9999656677	3.43999862671	26.4000225067	0.0	0	-55.0	-2.5	0	0	11:42:42.333000	11:42:42.349000	11:42:42.435000	0.167999982834	11:42:42.501000	0.0	0.101999998093	
4.5	78.0000686646	3.25000286102	18.208215634	0.0	0	-54.0	-2.5	0	0	11:43:15.470000	11:43:16.223000	11:43:16.301000	0.904000043869	11:43:16.374000	0.0	0.831000089645	
5.0	891.999959946	37.1666649977	22.7081875006	0.0	0	-54.0	-3.0	1	3	11:43:51.135000	11:43:51.138000	11:43:52.030000	0.97000002861	11:43:52.105000	0.0	0.894999980927	
5.5	21.999835968	1.999985088	3.00002098083	0.592592592593	16	-54.0	-1.5	0	0	11:44:29.698000	11:44:30.423000	11:44:30.445000	0.913000106812	11:44:30.611000	0.0	0.746999979019	
6.0	73.0001926422	3.17392141923	18.1738086369	0.0	0	-56.0	-2.0	0	0	11:45:11.339000	11:45:12.120000	11:45:12.193000	0.921999931335	11:45:12.261000	0.0	0.854000091553	
6.5	1839.99991417	68.1481449692	52.8148456856	0.0	0	-56.0	-2.0	0	26	11:45:47.980000	11:45:48.668000	11:45:50.508000	2.75	11:45:50.730000	0.0	2.52799987793	
7.0	77.0001411438	3.20833921432	26.1250138283	0.0	0	-55.0	-1.5	0	0	11:46:58.385000	11:46:59.504000	11:46:59.581000	1.2650001049	11:46:59.650000	0.0	1.19600009918	
7.5	68.0000782013	2.95652513919	25.0870455866	0.0	0	-55.0	-2.0	0	0	11:47:51.105000	11:47:52.245000	11:47:52.313000	1.28500008583	11:47:52.390000	0.0	1.20799994469	
8.0	16.9999599457	1.88888443841	21.2221410539	0.0	0	-55.0	-1.5	0	0	11:48:47.060000	11:48:48.131000	11:48:48.148000	1.16100001335	11:48:48.221000	0.0	1.08800005913	
8.5	76.9999027252	3.20832928022	28.9998054504	0.0	0	-55.0	-2.0	0	0	11:49:45.959000	11:49:47.084000	11:49:47.161000	1.27199983597	11:49:47.231000	0.0	1.20199990273	
9.0	16.0000324249	1.77778138055	10.999917984	0.0	0	-54.0	-1.5	0	0	11:50:48.188000	11:50:49.313000	11:50:49.329000	1.21200013161	11:50:49.400000	0.0	1.14100003242	
9.5	16.0000324249	1.77778138055	7.44440820482	0.0	0	-54.0	-2.0	0	0	11:51:53.289000	11:51:54.323000	11:51:54.339000	1.1210000515	11:51:54.410000	0.0	1.04999995232	
10.0	19.9999809265	1.81818008423	23.9999294281	0.592592592593	16	-53.0	-1.5	0	0	11:53:01.505000	11:53:02.483000	11:53:02.503000	1.13599991798	11:53:02.641000	0.0	0.99799990654	
10.5	16.0000324249	1.77778138055	10.999917984	0.0	0	-54.0	-1.0	0	0	11:54:12.589000	11:54:13.693000	11:54:13.709000	1.19099998474	11:54:13.780000	0.0	1.12000012398	
11.0	80.0001621246	3.33334008853	28.0001163483	0.037037037037	1	-54.0	-1.0	0	0	11:55:26.904000	11:55:28.133000	11:55:28.213000	1.37699985504	11:55:28.281000	0.0	1.30900001526	
11.5	15.0001049042	1.66667832269	18.4445381165	0.0	0	-54.0	-1.5	0	0	11:56:44.190000	11:56:45.194000	11:56:45.209000	1.09099984169	11:56:45.281000	0.0	1.01900005341	
12.0	16.9999599457	1.88888443841	12.1111869812	0.0	0	-54.0	-1.5	0	0	11:58:03.880000	11:58:04.933000	11:58:04.950000	1.14299988747	11:58:05.023000	0.0	1.06999993324	
12.5	16.0000324249	1.77778138055	10.8890268538	0.0	0	-54.0	-1.5	0	0	11:59:26.958000	11:59:28.093000	11:59:28.109000	1.22000002861	11:59:28.178000	0.0	1.15100002289	
13.0	17.0001983643	1.88891092936	21.8888918559	0.037037037037	1	-54.0	-1.5	0	0	12:00:53.370000	12:00:54.393000	12:00:54.410000	1.11100006104	12:00:54.481000	0.0	1.04000020027	
13.5	16.0000324249	1.77778138055	26.1109140184	0.0	0	-54.0	-1.5	0	0	12:02:22.291000	12:02:23.353000	12:02:23.369000	1.15500020981	12:02:23.446000	0.0	1.07800006866	
14.0	16.0000324249	1.77778138055	11.5555392371	0.0	0	-54.0	-2.0	0	0	12:03:57.533000	12:03:58.563000	12:03:58.579000	1.12000012398	12:03:58.653000	0.0	1.04600000381	
14.5	15.9997940063	1.77775488959	34.8889033	0.0	0	-55.0	-2.0	0	0	12:05:32.641000	12:05:33.683000	12:05:33.699000	1.13400006294	12:05:33.775000	0.0	1.05799984932	
15.0	74.000120163	3.21739652882	23.8260186237	0.0	0	-54.0	-1.5	0	0	12:07:13.699000	12:07:14.849000	12:07:14.923000	1.29400014877	12:07:14.993000	0.0	1.22400021553	
