instagram.com	0.5	2.19099998474	1.42499995232	5.20300006866	0.209000110626	0.158999919891	0.398999929428	1.98199987411	1.26600003242	4.80400013924
m.accuweather.com	1.5	2.0720000267	0.355000019073	3.8109998703	0.360000133514	0.282999992371	0.709000110626	1.71199989319	0.0720000267029	3.10199975967
m.espn.go.com	2.5	3.89999985695	0.483000040054	5.56500005722	0.572999954224	0.468999862671	2.64299988747	3.32699990273	0.0140001773834	2.92200016975
m.kayak.com	3.5	2.19600009918	0.68700003624	5.38300013542	0.466000080109	0.395999908447	1.38899993896	1.73000001907	0.291000127792	3.99400019646
m.youtube.com	4.5	3.5119998455	1.67000007629	6.9359998703	1.86599993706	1.60199999809	7.70399999619	1.64599990845	0.0680000782013	-0.768000125885
www.amazon.com	5.5	2.125	1.41899991035	3.65199995041	0.205999851227	0.163999795914	0.269999980927	1.91900014877	1.25500011444	3.38199996948
www.cnn.com	6.5	1.87700009346	0.308000087738	4.92300009727	0.264999866486	0.217000007629	0.341000080109	1.61200022697	0.0910000801086	4.58200001717
www.djaverages.com	7.5	2.49399995804	1.03100013733	6.56900000572	1.27199983597	0.726000070572	5.51399993896	1.22200012207	0.305000066757	1.05500006676
www.google.com	8.5	3.52999997139	2.00900006294	6.30500006676	1.76999998093	1.05999994278	5.20199990273	1.75999999046	0.949000120163	1.10300016403
www.yahoo.com	9.5	4.00899982452	1.88199996948	6.96799993515	2.81199979782	0.651000022888	5.12300014496	1.1970000267	1.23099994659	1.84499979019
